0.0050 0.3843
0.0100 0.5689
0.0150 0.8537
0.0200 0.7009
0.0250 0.9686
0.0300 1.1089
0.0350 1.1007
0.0400 1.2912
0.0450 1.3080
0.0500 1.2881
0.0550 1.4605
0.0600 1.4760
0.0650 1.5168
0.0700 1.5382
0.0750 1.6639
0.0800 1.5186
0.0850 1.7062
0.0900 1.7317
0.0950 1.7324
0.1000 1.9240
0.1050 1.8180
0.1100 1.9760
0.1150 2.0477
0.1200 1.9604
0.1250 2.0278
0.1300 2.0857
0.1350 2.0334
0.1400 2.1134
0.1450 1.9488
0.1500 2.1999
0.1550 2.0018
0.1600 1.9279
0.1650 2.2575
0.1700 2.1191
0.1750 2.1748
0.1800 2.0964
0.1850 2.0317
0.1900 1.8258
0.1950 2.1933
0.2000 2.0980
0.2050 2.1012
0.2100 2.1542
0.2150 1.9628
0.2200 2.0213
0.2250 2.1970
0.2300 2.1285
0.2350 1.9256
0.2400 1.8169
0.2450 1.9622
0.2500 2.0214
0.2550 2.0736
0.2600 1.9667
0.2650 1.8217
0.2700 1.9399
0.2750 1.7662
0.2800 1.7603
0.2850 1.7627
0.2900 1.6757
0.2950 1.7409
0.3000 1.6464
0.3050 1.6751
0.3100 1.6237
0.3150 1.5942
0.3200 1.5492
0.3250 1.6863
0.3300 1.5865
0.3350 1.4930
0.3400 1.3013
0.3450 1.2455
0.3500 1.1710
0.3550 1.5867
0.3600 1.3814
0.3650 1.2673
0.3700 1.1010
0.3750 1.0401
0.3800 1.1652
0.3850 1.2223
0.3900 0.8514
0.3950 0.9303
0.4000 0.9209
0.4050 0.6840
0.4100 0.9209
0.4150 0.7487
0.4200 0.9346
0.4250 0.6573
0.4300 0.6902
0.4350 0.4879
0.4400 0.4925
0.4450 0.3909
0.4500 0.4999
0.4550 0.5438
0.4600 0.3073
0.4650 0.3635
0.4700 0.2229
0.4750 0.2372
0.4800 0.3005
0.4850 0.1472
0.4900 -0.0140
0.4950 -0.0411
0.5000 -0.0170
0.5050 -0.0634
0.5100 -0.1745
0.5150 -0.1131
0.5200 -0.0472
0.5250 -0.2410
0.5300 -0.2778
0.5350 -0.5184
0.5400 -0.4159
0.5450 -0.5172
0.5500 -0.4553
0.5550 -0.4021
0.5600 -0.3396
0.5650 -0.3485
0.5700 -0.5756
0.5750 -0.6307
0.5800 -0.5508
0.5850 -0.6165
0.5900 -0.6211
0.5950 -0.6509
0.6000 -0.9069
0.6050 -0.7339
0.6100 -0.8253
0.6150 -0.9193
0.6200 -0.9387
0.6250 -0.7663
0.6300 -0.9994
0.6350 -1.0650
0.6400 -0.9417
0.6450 -0.7828
0.6500 -1.0009
0.6550 -0.9911
0.6600 -1.1331
0.6650 -0.8881
0.6700 -1.0581
0.6750 -1.0315
0.6800 -1.1925
0.6850 -1.0235
0.6900 -1.0804
0.6950 -1.2442
0.7000 -1.1328
0.7050 -1.1888
0.7100 -1.1386
0.7150 -1.1792
0.7200 -1.1766
0.7250 -1.2633
0.7300 -1.1935
0.7350 -1.0846
0.7400 -0.9857
0.7450 -1.2740
0.7500 -0.9170
0.7550 -0.9977
0.7600 -1.1280
0.7650 -1.1684
0.7700 -1.2005
0.7750 -1.0387
0.7800 -1.1817
0.7850 -1.1477
0.7900 -1.0014
0.7950 -1.0334
0.8000 -0.9736
0.8050 -0.9982
0.8100 -1.0732
0.8150 -1.0680
0.8200 -0.9196
0.8250 -1.0481
0.8300 -0.8432
0.8350 -0.8629
0.8400 -0.8925
0.8450 -0.8994
0.8500 -0.8409
0.8550 -0.5019
0.8600 -0.8421
0.8650 -0.9622
0.8700 -0.5900
0.8750 -0.6949
0.8800 -0.7945
0.8850 -0.4412
0.8900 -0.6206
0.8950 -0.6184
0.9000 -0.6974
0.9050 -0.6973
0.9100 -0.7385
0.9150 -0.5745
0.9200 -0.6076
0.9250 -0.4073
0.9300 -0.4733
0.9350 -0.2338
0.9400 -0.2286
0.9450 -0.3321
0.9500 -0.3453
0.9550 -0.1703
0.9600 -0.3685
0.9650 -0.1547
0.9700 -0.2572
0.9750 -0.1985
0.9800 -0.1938
0.9850 -0.0373
0.9900 -0.1409
0.9950 -0.1378
1.0000 0.0553
1.0050 -0.0110
1.0100 0.0986
1.0150 0.0582
1.0200 0.1511
1.0250 -0.1019
1.0300 0.2312
1.0350 0.3998
1.0400 0.3478
1.0450 0.3640
1.0500 0.2776
1.0550 0.3479
1.0600 0.3820
1.0650 0.3945
1.0700 0.3286
1.0750 0.4026
1.0800 0.4461
1.0850 0.4406
1.0900 0.5969
1.0950 0.7910
1.1000 0.4281
1.1050 0.5959
1.1100 0.4608
1.1150 0.7565
1.1200 0.7878
1.1250 0.5004
1.1300 0.8801
1.1350 0.5956
1.1400 0.7443
1.1450 0.8483
1.1500 0.7691
1.1550 0.9992
1.1600 1.0592
1.1650 0.8113
1.1700 0.6194
1.1750 0.7855
1.1800 0.7481
1.1850 0.7666
1.1900 0.7396
1.1950 0.8685
1.2000 1.0789
1.2050 0.8032
1.2100 0.8525
1.2150 1.0020
1.2200 1.0106
1.2250 0.9409
1.2300 0.9972
1.2350 0.9829
1.2400 0.8581
1.2450 0.9387
1.2500 0.8645
1.2550 0.8022
1.2600 0.9526
1.2650 0.8919
1.2700 0.8616
1.2750 0.9039
1.2800 0.9670
1.2850 0.9002
1.2900 0.8722
1.2950 0.8718
1.3000 0.8393
1.3050 0.7462
1.3100 0.8910
1.3150 0.9412
1.3200 0.7341
1.3250 0.9668
1.3300 0.7422
1.3350 0.7206
1.3400 0.6396
1.3450 0.6339
1.3500 0.6010
1.3550 0.7142
1.3600 0.8204
1.3650 0.6948
1.3700 0.7082
1.3750 0.7372
1.3800 0.3328
1.3850 0.5452
1.3900 0.5760
1.3950 0.5907
1.4000 0.3663
1.4050 0.3736
1.4100 0.5303
1.4150 0.4163
1.4200 0.4596
1.4250 0.2842
1.4300 0.1927
1.4350 0.4077
1.4400 0.4261
1.4450 0.4450
1.4500 0.1034
1.4550 0.0976
1.4600 0.0584
1.4650 0.1761
1.4700 0.0930
1.4750 0.2602
1.4800 -0.0425
1.4850 -0.0970
1.4900 0.0720
1.4950 0.1450
1.5000 -0.0803
1.5050 -0.1522
1.5100 -0.0660
1.5150 -0.2401
1.5200 -0.0999
1.5250 -0.0438
1.5300 -0.1297
1.5350 -0.3670
1.5400 -0.2541
1.5450 -0.2547
1.5500 -0.0669
1.5550 -0.1802
1.5600 -0.3004
1.5650 -0.1865
1.5700 -0.4443
1.5750 -0.3966
1.5800 -0.2420
1.5850 -0.2541
1.5900 -0.3519
1.5950 -0.3960
1.6000 -0.5233
1.6050 -0.4093
1.6100 -0.5852
1.6150 -0.4629
1.6200 -0.5096
1.6250 -0.4408
1.6300 -0.6136
1.6350 -0.5230
1.6400 -0.5224
1.6450 -0.7059
1.6500 -0.6142
1.6550 -0.4832
1.6600 -0.6441
1.6650 -0.6979
1.6700 -0.6324
1.6750 -0.7160
1.6800 -0.6538
1.6850 -0.7205
1.6900 -0.7170
1.6950 -0.6766
1.7000 -0.5932
1.7050 -0.6902
1.7100 -0.5759
1.7150 -0.9480
1.7200 -0.7939
1.7250 -0.7284
1.7300 -0.8378
1.7350 -0.8834
1.7400 -0.6949
1.7450 -0.6954
1.7500 -0.7270
1.7550 -0.7149
1.7600 -0.8393
1.7650 -0.7991
1.7700 -0.7564
1.7750 -0.8101
1.7800 -0.7031
1.7850 -0.4939
1.7900 -0.7722
1.7950 -0.6520
1.8000 -0.8123
1.8050 -0.5664
1.8100 -0.7880
1.8150 -0.6603
1.8200 -0.7326
1.8250 -0.6084
1.8300 -0.6466
1.8350 -0.6398
1.8400 -0.3275
1.8450 -0.6719
1.8500 -0.5995
1.8550 -0.3118
1.8600 -0.6796
1.8650 -0.4940
1.8700 -0.6407
1.8750 -0.4133
1.8800 -0.4665
1.8850 -0.4165
1.8900 -0.4915
1.8950 -0.4207
1.9000 -0.2792
1.9050 -0.6348
1.9100 -0.5510
1.9150 -0.3263
1.9200 -0.4132
1.9250 -0.3568
1.9300 -0.4562
1.9350 -0.3760
1.9400 -0.3047
1.9450 -0.3155
1.9500 -0.3079
1.9550 -0.2417
1.9600 -0.2719
1.9650 -0.0214
1.9700 -0.2323
1.9750 0.0705
1.9800 -0.1265
1.9850 -0.2120
1.9900 -0.1064
1.9950 0.0712
2.0000 0.1056
2.0050 0.0382
2.0100 0.0730
2.0150 0.1296
2.0200 -0.0577
2.0250 0.0518
2.0300 -0.0515
2.0350 0.1080
2.0400 0.2690
2.0450 0.2668
2.0500 0.4446
2.0550 0.2530
2.0600 0.0408
2.0650 0.4453
2.0700 0.4242
2.0750 0.2569
2.0800 0.3563
2.0850 0.4305
2.0900 0.4091
2.0950 0.4580
2.1000 0.3943
2.1050 0.4186
2.1100 0.4476
2.1150 0.3758
2.1200 0.6124
2.1250 0.4857
2.1300 0.5681
2.1350 0.4279
2.1400 0.4192
2.1450 0.5304
2.1500 0.5265
2.1550 0.6829
2.1600 0.6351
2.1650 0.6390
2.1700 0.4504
2.1750 0.5074
2.1800 0.6330
2.1850 0.5861
2.1900 0.7573
2.1950 0.7692
2.2000 0.5831
2.2050 0.7342
2.2100 0.7911
2.2150 0.6878
2.2200 0.8216
2.2250 0.7684
2.2300 0.6858
2.2350 0.7536
2.2400 0.6863
2.2450 0.6256
2.2500 0.7025
2.2550 0.6692
2.2600 0.6274
2.2650 0.8386
2.2700 0.6806
2.2750 0.9279
2.2800 0.6209
2.2850 0.7020
2.2900 0.7983
2.2950 0.9068
2.3000 0.6575
2.3050 0.5407
2.3100 0.6921
2.3150 0.4712
2.3200 0.5667
2.3250 0.6115
2.3300 0.7230
2.3350 0.7070
2.3400 0.5492
2.3450 0.6325
2.3500 0.4956
2.3550 0.5810
2.3600 0.6931
2.3650 0.5034
2.3700 0.4435
2.3750 0.4088
2.3800 0.5154
2.3850 0.5619
2.3900 0.6249
2.3950 0.4014
2.4000 0.3957
2.4050 0.2992
2.4100 0.5064
2.4150 0.3200
2.4200 0.2624
2.4250 0.5100
2.4300 0.3541
2.4350 0.3261
2.4400 0.1351
2.4450 0.2600
2.4500 0.2494
2.4550 0.0688
2.4600 0.1360
2.4650 0.0984
2.4700 0.1720
2.4750 -0.0013
2.4800 0.1885
2.4850 0.2382
2.4900 0.0094
2.4950 0.0190
2.5000 0.0507
2.5050 0.1005
2.5100 0.0126
2.5150 -0.0196
2.5200 -0.1272
2.5250 -0.1216
2.5300 -0.0565
2.5350 0.0313
2.5400 -0.0992
2.5450 -0.2955
2.5500 -0.1502
2.5550 -0.2211
2.5600 -0.2545
2.5650 -0.2699
2.5700 -0.3536
2.5750 -0.3150
2.5800 -0.3784
2.5850 -0.3531
2.5900 -0.3212
2.5950 -0.3315
2.6000 -0.3861
2.6050 -0.3950
2.6100 -0.3912
2.6150 -0.3631
2.6200 -0.2948
2.6250 -0.3744
2.6300 -0.4782
2.6350 -0.4023
2.6400 -0.4988
2.6450 -0.6639
2.6500 -0.7317
2.6550 -0.6790
2.6600 -0.5414
2.6650 -0.5892
2.6700 -0.6083
2.6750 -0.5407
2.6800 -0.6186
2.6850 -0.6231
2.6900 -0.5059
2.6950 -0.4949
2.7000 -0.3351
2.7050 -0.5536
2.7100 -0.5825
2.7150 -0.6497
2.7200 -0.6151
2.7250 -0.6034
2.7300 -0.7760
2.7350 -0.6277
2.7400 -0.5280
2.7450 -0.6604
2.7500 -0.5536
2.7550 -0.5030
2.7600 -0.4930
2.7650 -0.5210
2.7700 -0.8221
2.7750 -0.6493
2.7800 -0.4990
2.7850 -0.5453
2.7900 -0.5794
2.7950 -0.5307
2.8000 -0.4554
2.8050 -0.5464
2.8100 -0.6305
2.8150 -0.5650
2.8200 -0.5596
2.8250 -0.4404
2.8300 -0.4797
2.8350 -0.4565
2.8400 -0.4862
2.8450 -0.5266
2.8500 -0.4731
2.8550 -0.4460
2.8600 -0.5954
2.8650 -0.4253
2.8700 -0.3375
2.8750 -0.4280
2.8800 -0.2461
2.8850 -0.3333
2.8900 -0.4170
2.8950 -0.3756
2.9000 -0.3727
2.9050 -0.3057
2.9100 -0.2386
2.9150 -0.3273
2.9200 -0.2361
2.9250 -0.0899
2.9300 -0.1556
2.9350 -0.1493
2.9400 -0.2962
2.9450 -0.2508
2.9500 -0.1557
2.9550 -0.1724
2.9600 -0.3071
2.9650 -0.2781
2.9700 -0.0061
2.9750 -0.1665
2.9800 0.1352
2.9850 -0.2767
2.9900 0.0086
2.9950 -0.0181
3.0000 -0.0756
3.0050 0.0586
3.0100 -0.0432
3.0150 0.1402
3.0200 0.0788
3.0250 -0.0740
3.0300 -0.1348
3.0350 0.0968
3.0400 0.2572
3.0450 0.1780
3.0500 0.1824
3.0550 0.2626
3.0600 0.0711
3.0650 0.3694
3.0700 0.1536
3.0750 0.2627
3.0800 0.2381
3.0850 0.3048
3.0900 0.1104
3.0950 0.4719
3.1000 0.3884
3.1050 0.5488
3.1100 0.5031
3.1150 0.3758
3.1200 0.2936
3.1250 0.2261
3.1300 0.4137
3.1350 0.4456
3.1400 0.5394
3.1450 0.3505
3.1500 0.5353
3.1550 0.4728
3.1600 0.3976
3.1650 0.5612
3.1700 0.5187
3.1750 0.4765
3.1800 0.6951
3.1850 0.5752
3.1900 0.5095
3.1950 0.5541
3.2000 0.5404
3.2050 0.5538
3.2100 0.5860
3.2150 0.4839
3.2200 0.4677
3.2250 0.5861
3.2300 0.7405
3.2350 0.5228
3.2400 0.4532
3.2450 0.5310
3.2500 0.5063
3.2550 0.5213
3.2600 0.6003
3.2650 0.5380
3.2700 0.4892
3.2750 0.5014
3.2800 0.4101
3.2850 0.4525
3.2900 0.3927
3.2950 0.4774
3.3000 0.4150
3.3050 0.4468
3.3100 0.4809
3.3150 0.3840
3.3200 0.4947
3.3250 0.5227
3.3300 0.3839
3.3350 0.5827
3.3400 0.3034
3.3450 0.4130
3.3500 0.2935
3.3550 0.3969
3.3600 0.2880
3.3650 0.3514
3.3700 0.3230
3.3750 0.2664
3.3800 0.1659
3.3850 0.4159
3.3900 0.5462
3.3950 0.5550
3.4000 0.2696
3.4050 0.3000
3.4100 0.2436
3.4150 0.2831
3.4200 0.1686
3.4250 0.0534
3.4300 0.2263
3.4350 0.0918
3.4400 0.0082
3.4450 0.4199
3.4500 0.1430
3.4550 0.1905
3.4600 0.2529
3.4650 -0.0513
3.4700 0.1419
3.4750 0.1341
3.4800 0.0755
3.4850 0.0662
3.4900 -0.0192
3.4950 0.0891
3.5000 -0.0850
3.5050 -0.0964
3.5100 0.0390
3.5150 0.1185
3.5200 -0.1054
3.5250 -0.1338
3.5300 -0.0589
3.5350 -0.0088
3.5400 -0.0354
3.5450 -0.1212
3.5500 -0.2274
3.5550 -0.1167
3.5600 -0.2030
3.5650 -0.0726
3.5700 -0.3662
3.5750 -0.2260
3.5800 -0.1256
3.5850 -0.3183
3.5900 -0.3453
3.5950 -0.3898
3.6000 -0.3377
3.6050 -0.3429
3.6100 -0.3218
3.6150 -0.4362
3.6200 -0.3515
3.6250 -0.4318
3.6300 -0.4195
3.6350 -0.4773
3.6400 -0.4321
3.6450 -0.0569
3.6500 -0.0827
3.6550 -0.3179
3.6600 -0.3626
3.6650 -0.5774
3.6700 -0.5159
3.6750 -0.5267
3.6800 -0.4181
3.6850 -0.4298
3.6900 -0.4732
3.6950 -0.5235
3.7000 -0.5870
3.7050 -0.4984
3.7100 -0.3889
3.7150 -0.4636
3.7200 -0.4912
3.7250 -0.4460
3.7300 -0.4553
3.7350 -0.6768
3.7400 -0.5142
3.7450 -0.5591
3.7500 -0.7198
3.7550 -0.6487
3.7600 -0.5467
3.7650 -0.4305
3.7700 -0.5339
3.7750 -0.4821
3.7800 -0.5950
3.7850 -0.7174
3.7900 -0.4881
3.7950 -0.5881
3.8000 -0.3706
3.8050 -0.3088
3.8100 -0.5135
3.8150 -0.3506
3.8200 -0.3676
3.8250 -0.5971
3.8300 -0.4511
3.8350 -0.4134
3.8400 -0.3786
3.8450 -0.3541
3.8500 -0.3449
3.8550 -0.3346
3.8600 -0.4234
3.8650 -0.3436
3.8700 -0.5958
3.8750 -0.4760
3.8800 -0.2273
3.8850 -0.4016
3.8900 -0.2904
3.8950 -0.1597
3.9000 -0.3865
3.9050 -0.3804
3.9100 -0.3203
3.9150 -0.2132
3.9200 -0.2638
3.9250 -0.3269
3.9300 -0.3721
3.9350 -0.2372
3.9400 -0.2076
3.9450 -0.2241
3.9500 -0.1817
3.9550 -0.2498
3.9600 -0.0700
3.9650 -0.3270
3.9700 -0.0796
3.9750 -0.0116
3.9800 -0.1477
3.9850 -0.0529
3.9900 -0.0023
3.9950 -0.0772
4.0000 -0.0014
4.0050 0.0569
4.0100 -0.0624
4.0150 0.1305
4.0200 0.1720
4.0250 0.1101
4.0300 0.0949
4.0350 -0.0079
4.0400 0.1732
4.0450 0.0171
4.0500 0.3126
4.0550 0.2209
4.0600 0.2092
4.0650 0.1576
4.0700 -0.0066
4.0750 0.1053
4.0800 0.2750
4.0850 0.4931
4.0900 0.3390
4.0950 0.3087
4.1000 0.2361
4.1050 0.3147
4.1100 0.4106
4.1150 0.3006
4.1200 0.5264
4.1250 0.2261
4.1300 0.3211
4.1350 0.3741
4.1400 0.1833
4.1450 0.4446
4.1500 0.4049
4.1550 0.4138
4.1600 0.4934
4.1650 0.5261
4.1700 0.5093
4.1750 0.3892
4.1800 0.4379
4.1850 0.4840
4.1900 0.3285
4.1950 0.3558
4.2000 0.4214
4.2050 0.4761
4.2100 0.6512
4.2150 0.5551
4.2200 0.4339
4.2250 0.4176
4.2300 0.6358
4.2350 0.7571
4.2400 0.5014
4.2450 0.4372
4.2500 0.3438
4.2550 0.5820
4.2600 0.5125
4.2650 0.5986
4.2700 0.3892
4.2750 0.5018
4.2800 0.4094
4.2850 0.5989
4.2900 0.4125
4.2950 0.4546
4.3000 0.4239
4.3050 0.5529
4.3100 0.4907
4.3150 0.3414
4.3200 0.3721
4.3250 0.3239
4.3300 0.4717
4.3350 0.4466
4.3400 0.2417
4.3450 0.2061
4.3500 0.3839
4.3550 0.4484
4.3600 0.3859
4.3650 0.2047
4.3700 0.1935
4.3750 0.4248
4.3800 0.3126
4.3850 0.2772
4.3900 0.4358
4.3950 0.2127
4.4000 0.2938
4.4050 0.3096
4.4100 0.3371
4.4150 0.1568
4.4200 0.2649
4.4250 0.4907
4.4300 0.0510
4.4350 0.2320
4.4400 0.1517
4.4450 0.0780
4.4500 0.0633
4.4550 0.1820
4.4600 0.3493
4.4650 0.0239
4.4700 0.1427
4.4750 0.0180
4.4800 0.2569
4.4850 0.0989
4.4900 0.0158
4.4950 0.0768
4.5000 -0.0006
4.5050 0.0959
4.5100 -0.0481
4.5150 -0.1564
4.5200 -0.0343
4.5250 0.0826
4.5300 -0.2077
4.5350 -0.1267
4.5400 -0.0162
4.5450 -0.3229
4.5500 -0.0823
4.5550 -0.0834
4.5600 -0.1510
4.5650 -0.2629
4.5700 -0.1999
4.5750 -0.2029
4.5800 -0.1316
4.5850 -0.1714
4.5900 -0.2851
4.5950 -0.1002
4.6000 -0.2791
4.6050 -0.3669
4.6100 -0.3407
4.6150 -0.2220
4.6200 -0.2990
4.6250 -0.2399
4.6300 -0.3319
4.6350 -0.0997
4.6400 -0.5243
4.6450 -0.4082
4.6500 -0.3836
4.6550 -0.3744
4.6600 -0.2455
4.6650 -0.3766
4.6700 -0.4170
4.6750 -0.4052
4.6800 -0.3431
4.6850 -0.4929
4.6900 -0.3842
4.6950 -0.5907
4.7000 -0.4466
4.7050 -0.5369
4.7100 -0.5116
4.7150 -0.4212
4.7200 -0.5646
4.7250 -0.5533
4.7300 -0.6078
4.7350 -0.6804
4.7400 -0.4736
4.7450 -0.3426
4.7500 -0.4770
4.7550 -0.4818
4.7600 -0.5621
4.7650 -0.2977
4.7700 -0.4792
4.7750 -0.3226
4.7800 -0.4131
4.7850 -0.4724
4.7900 -0.3343
4.7950 -0.3403
4.8000 -0.4452
4.8050 -0.2996
4.8100 -0.2458
4.8150 -0.4248
4.8200 -0.4377
4.8250 -0.3652
4.8300 -0.3636
4.8350 -0.3107
4.8400 -0.4093
4.8450 -0.3042
4.8500 -0.2625
4.8550 -0.3409
4.8600 -0.3342
4.8650 -0.4655
4.8700 -0.4476
4.8750 -0.4664
4.8800 -0.4343
4.8850 -0.3147
4.8900 -0.4497
4.8950 -0.0524
4.9000 -0.1916
4.9050 -0.4606
4.9100 -0.3573
4.9150 -0.2403
4.9200 -0.3885
4.9250 -0.2506
4.9300 -0.0827
4.9350 -0.1952
4.9400 -0.1724
4.9450 -0.2525
4.9500 -0.1945
4.9550 -0.2605
4.9600 -0.0752
4.9650 -0.1431
4.9700 -0.0057
4.9750 0.0536
4.9800 0.0516
4.9850 -0.0456
4.9900 -0.0785
4.9950 -0.1365
5.0000 0.0119
5.0050 0.1100
5.0100 -0.0060
5.0150 0.0247
5.0200 0.1176
5.0250 0.1562
5.0300 -0.0581
5.0350 0.1172
5.0400 0.1304
5.0450 0.1091
5.0500 0.2268
5.0550 0.1142
5.0600 0.0810
5.0650 0.2041
5.0700 0.2351
5.0750 0.1798
5.0800 0.2934
5.0850 0.0739
5.0900 0.1300
5.0950 -0.0582
5.1000 0.3124
5.1050 0.1722
5.1100 0.2567
5.1150 0.3933
5.1200 0.3076
5.1250 0.2683
5.1300 0.2370
5.1350 0.3070
5.1400 0.4002
5.1450 0.1967
5.1500 0.3497
5.1550 0.4425
5.1600 0.2296
5.1650 0.4457
5.1700 0.4537
5.1750 0.3035
5.1800 0.2471
5.1850 0.4464
5.1900 0.4890
5.1950 0.4707
5.2000 0.4934
5.2050 0.3027
5.2100 0.4827
5.2150 0.3694
5.2200 0.3738
5.2250 0.2765
5.2300 0.5438
5.2350 0.4526
5.2400 0.5364
5.2450 0.5875
5.2500 0.3227
5.2550 0.5003
5.2600 0.4339
5.2650 0.5253
5.2700 0.5429
5.2750 0.5121
5.2800 0.3457
5.2850 0.4119
5.2900 0.4475
5.2950 0.7332
5.3000 0.5358
5.3050 0.6406
5.3100 0.4449
5.3150 0.4193
5.3200 0.4536
5.3250 0.3333
5.3300 0.5037
5.3350 0.3569
5.3400 0.2280
5.3450 0.4448
5.3500 0.1929
5.3550 0.1570
5.3600 0.3617
5.3650 0.2288
5.3700 0.2235
5.3750 0.2888
5.3800 0.2462
5.3850 0.2627
5.3900 0.3018
5.3950 0.1470
5.4000 0.1305
5.4050 0.0318
5.4100 0.1913
5.4150 0.2852
5.4200 0.1367
5.4250 0.2450
5.4300 0.2368
5.4350 0.2694
5.4400 0.2568
5.4450 0.0763
5.4500 0.0467
5.4550 0.1243
5.4600 0.0399
5.4650 0.2386
5.4700 0.2181
5.4750 0.0764
5.4800 0.0108
5.4850 0.0913
5.4900 -0.0388
5.4950 0.0009
5.5000 -0.0530
5.5050 -0.0028
5.5100 0.0861
5.5150 0.0342
5.5200 0.0610
5.5250 -0.1580
5.5300 -0.0617
5.5350 -0.1911
5.5400 -0.0672
5.5450 -0.0859
5.5500 -0.0015
5.5550 -0.0338
5.5600 -0.0908
5.5650 -0.2189
5.5700 -0.2280
5.5750 -0.3974
5.5800 -0.2488
5.5850 -0.3705
5.5900 -0.1336
5.5950 -0.1474
5.6000 -0.2346
5.6050 -0.2967
5.6100 -0.2548
5.6150 -0.1186
5.6200 -0.1538
5.6250 -0.3430
5.6300 -0.2904
5.6350 -0.4280
5.6400 -0.2844
5.6450 -0.2587
5.6500 -0.2504
5.6550 -0.5009
5.6600 -0.3044
5.6650 -0.4481
5.6700 -0.4057
5.6750 -0.2952
5.6800 -0.3498
5.6850 -0.4013
5.6900 -0.3291
5.6950 -0.2308
5.7000 -0.4607
5.7050 -0.5371
5.7100 -0.5216
5.7150 -0.5027
5.7200 -0.4778
5.7250 -0.3551
5.7300 -0.6230
5.7350 -0.3921
5.7400 -0.4944
5.7450 -0.3070
5.7500 -0.5026
5.7550 -0.4159
5.7600 -0.5096
5.7650 -0.4828
5.7700 -0.4390
5.7750 -0.4339
5.7800 -0.4611
5.7850 -0.2929
5.7900 -0.3475
5.7950 -0.2134
5.8000 -0.4226
5.8050 -0.2838
5.8100 -0.5957
5.8150 -0.3167
5.8200 -0.3379
5.8250 -0.4066
5.8300 -0.2934
5.8350 -0.2686
5.8400 -0.2460
5.8450 -0.3001
5.8500 -0.2744
5.8550 -0.3940
5.8600 -0.4278
5.8650 -0.3365
5.8700 -0.2822
5.8750 -0.1966
5.8800 -0.3614
5.8850 -0.3216
5.8900 0.0348
5.8950 -0.3147
5.9000 -0.0500
5.9050 -0.1352
5.9100 -0.2762
5.9150 -0.2200
5.9200 -0.2195
5.9250 -0.1392
5.9300 -0.0383
5.9350 -0.3268
5.9400 0.0513
5.9450 -0.0611
5.9500 -0.1816
5.9550 -0.1269
5.9600 -0.0719
5.9650 -0.0597
5.9700 0.0434
5.9750 0.0450
5.9800 -0.0871
5.9850 -0.0515
5.9900 0.0477
5.9950 -0.0008
6.0000 0.1136
6.0050 -0.0559
6.0100 0.0728
6.0150 0.0672
6.0200 0.1903
6.0250 -0.0708
6.0300 0.0764
6.0350 0.0941
6.0400 -0.1330
6.0450 0.2383
6.0500 0.4066
6.0550 0.1144
6.0600 0.1782
6.0650 0.1148
6.0700 0.2113
6.0750 0.1462
6.0800 0.1852
6.0850 0.3682
6.0900 0.1324
6.0950 0.1701
6.1000 0.2304
6.1050 0.2348
6.1100 0.4018
6.1150 0.4706
6.1200 0.1789
6.1250 0.2216
6.1300 0.3465
6.1350 0.2648
6.1400 0.5102
6.1450 0.4823
6.1500 0.3821
6.1550 0.3897
6.1600 0.3063
6.1650 0.4230
6.1700 0.4655
6.1750 0.3727
6.1800 0.5568
6.1850 0.4361
6.1900 0.3627
6.1950 0.4151
6.2000 0.4916
6.2050 0.3457
6.2100 0.3801
6.2150 0.6288
6.2200 0.3465
6.2250 0.4905
6.2300 0.4793
6.2350 0.5576
6.2400 0.4521
6.2450 0.1534
6.2500 0.3147
6.2550 0.4508
6.2600 0.4247
6.2650 0.5940
6.2700 0.5368
6.2750 0.4440
6.2800 0.4003
6.2850 0.2344
6.2900 0.5725
6.2950 0.3961
6.3000 0.2243
6.3050 0.4180
6.3100 0.3804
6.3150 0.3082
6.3200 0.4092
6.3250 0.2835
6.3300 0.2135
6.3350 0.1665
6.3400 0.2989
6.3450 0.2656
6.3500 0.3651
6.3550 0.1632
6.3600 0.2847
6.3650 0.1468
6.3700 0.4698
6.3750 0.2684
6.3800 0.3936
6.3850 0.3112
6.3900 0.3430
6.3950 0.1269
6.4000 0.3581
6.4050 0.3673
6.4100 0.0040
6.4150 0.1833
6.4200 0.1249
6.4250 0.1948
6.4300 0.0829
6.4350 0.1845
6.4400 0.2048
6.4450 0.1579
6.4500 0.1098
6.4550 -0.0191
6.4600 0.1036
6.4650 0.0337
6.4700 -0.0542
6.4750 0.0559
6.4800 0.0283
6.4850 0.0562
6.4900 0.1239
6.4950 0.0699
6.5000 0.1306
6.5050 -0.0852
6.5100 -0.1111
6.5150 -0.0464
6.5200 0.0892
6.5250 0.0691
6.5300 -0.0859
6.5350 -0.1450
6.5400 -0.2493
6.5450 -0.0419
6.5500 -0.1185
6.5550 -0.2501
6.5600 -0.1772
6.5650 -0.3379
6.5700 -0.1231
6.5750 -0.1945
6.5800 -0.0247
6.5850 -0.3343
6.5900 -0.1117
6.5950 -0.2045
6.6000 -0.2205
6.6050 -0.1668
6.6100 -0.1286
6.6150 -0.3642
6.6200 -0.1342
6.6250 -0.3957
6.6300 -0.3905
6.6350 -0.3585
6.6400 -0.2254
6.6450 -0.4135
6.6500 -0.2803
6.6550 -0.2794
6.6600 -0.3118
6.6650 -0.2779
6.6700 -0.4566
6.6750 -0.2441
6.6800 -0.3387
6.6850 -0.2820
6.6900 -0.4578
6.6950 -0.3584
6.7000 -0.2797
6.7050 -0.2694
6.7100 -0.3824
6.7150 -0.5620
6.7200 -0.4886
6.7250 -0.3590
6.7300 -0.3030
6.7350 -0.3373
6.7400 -0.4457
6.7450 -0.1604
6.7500 -0.3777
6.7550 -0.2980
6.7600 -0.4254
6.7650 -0.4943
6.7700 -0.3128
6.7750 -0.2757
6.7800 -0.1950
6.7850 -0.4276
6.7900 -0.5345
6.7950 -0.2067
6.8000 -0.3383
6.8050 -0.4734
6.8100 -0.4122
6.8150 -0.4324
6.8200 -0.2304
6.8250 -0.2818
6.8300 -0.3110
6.8350 -0.3052
6.8400 -0.4050
6.8450 -0.2168
6.8500 -0.2745
6.8550 -0.3279
6.8600 -0.3127
6.8650 -0.2965
6.8700 -0.3668
6.8750 -0.1955
6.8800 -0.1218
6.8850 -0.0046
6.8900 -0.1924
6.8950 -0.3157
6.9000 -0.2037
6.9050 -0.3146
6.9100 -0.2652
6.9150 -0.2595
6.9200 -0.2665
6.9250 -0.1347
6.9300 -0.2733
6.9350 -0.0841
6.9400 -0.0602
6.9450 -0.0248
6.9500 -0.1193
6.9550 -0.0439
6.9600 0.0860
6.9650 -0.0774
6.9700 -0.0888
6.9750 0.1180
6.9800 -0.2983
6.9850 -0.0813
6.9900 0.2193
6.9950 -0.0590
7.0000 -0.0560
7.0050 -0.1108
7.0100 0.1030
7.0150 -0.1755
7.0200 -0.0326
7.0250 0.1157
7.0300 0.0705
7.0350 0.1446
7.0400 0.1064
7.0450 0.1732
7.0500 -0.0124
7.0550 0.1493
7.0600 -0.0181
7.0650 0.2277
7.0700 0.1291
7.0750 0.2362
7.0800 0.1273
7.0850 0.2241
7.0900 0.3066
7.0950 0.0131
7.1000 0.0339
7.1050 0.0467
7.1100 0.3239
7.1150 0.2884
7.1200 0.1863
7.1250 0.4148
7.1300 0.2868
7.1350 0.1221
7.1400 0.1864
7.1450 0.1571
7.1500 0.3980
7.1550 0.2491
7.1600 0.1984
7.1650 0.2639
7.1700 0.2436
7.1750 0.4179
7.1800 0.3854
7.1850 0.3726
7.1900 0.3883
7.1950 0.3551
7.2000 0.2596
7.2050 0.4119
7.2100 0.2786
7.2150 0.2561
7.2200 0.2582
7.2250 0.4544
7.2300 0.4671
7.2350 0.1942
7.2400 0.3561
7.2450 0.3965
7.2500 0.3104
7.2550 0.4472
7.2600 0.3958
7.2650 0.3541
7.2700 0.3122
7.2750 0.4339
7.2800 0.4490
7.2850 0.4085
7.2900 0.3348
7.2950 0.4476
7.3000 0.2613
7.3050 0.3626
7.3100 0.4835
7.3150 0.3204
7.3200 0.2501
7.3250 0.5236
7.3300 0.2990
7.3350 0.3620
7.3400 0.2313
7.3450 0.3339
7.3500 0.3451
7.3550 0.2918
7.3600 0.3166
7.3650 0.3969
7.3700 0.1281
7.3750 0.2809
7.3800 0.0529
7.3850 0.2462
7.3900 0.4275
7.3950 0.3195
7.4000 0.2154
7.4050 0.1727
7.4100 0.2497
7.4150 0.2926
7.4200 0.1783
7.4250 0.3281
7.4300 0.0746
7.4350 -0.0541
7.4400 0.0601
7.4450 0.1042
7.4500 0.0759
7.4550 0.0174
7.4600 0.2248
7.4650 -0.0818
7.4700 0.0194
7.4750 -0.0397
7.4800 -0.0016
7.4850 -0.0322
7.4900 0.0708
7.4950 -0.0926
7.5000 -0.0821
7.5050 -0.0014
7.5100 0.0855
7.5150 -0.2198
7.5200 0.1343
7.5250 -0.1449
7.5300 -0.0035
7.5350 0.0255
7.5400 0.0417
7.5450 -0.1533
7.5500 -0.1100
7.5550 -0.1395
7.5600 -0.1945
7.5650 -0.1172
7.5700 -0.1189
7.5750 -0.2002
7.5800 -0.1617
7.5850 0.0825
7.5900 -0.1952
7.5950 -0.1329
7.6000 -0.2595
7.6050 -0.2750
7.6100 -0.2656
7.6150 -0.1832
7.6200 -0.3281
7.6250 -0.4414
7.6300 -0.2586
7.6350 -0.3151
7.6400 -0.2508
7.6450 -0.2773
7.6500 -0.2196
7.6550 -0.2089
7.6600 -0.4376
7.6650 -0.4634
7.6700 -0.2662
7.6750 -0.2910
7.6800 -0.4204
7.6850 -0.2073
7.6900 -0.3320
7.6950 -0.3268
7.7000 -0.3153
7.7050 -0.2705
7.7100 -0.1964
7.7150 -0.3776
7.7200 -0.5266
7.7250 -0.2540
7.7300 -0.4496
7.7350 -0.2336
7.7400 -0.4177
7.7450 -0.2100
7.7500 -0.4398
7.7550 -0.4702
7.7600 -0.2626
7.7650 -0.4936
7.7700 -0.2879
7.7750 -0.3104
7.7800 -0.3665
7.7850 -0.3839
7.7900 -0.1412
7.7950 -0.3814
7.8000 -0.3596
7.8050 -0.4307
7.8100 -0.4140
7.8150 -0.3867
7.8200 -0.1526
7.8250 -0.3576
7.8300 -0.3822
7.8350 -0.3523
7.8400 -0.2301
7.8450 -0.4269
7.8500 -0.2260
7.8550 -0.4151
7.8600 -0.2879
7.8650 -0.4502
7.8700 -0.2063
7.8750 -0.1827
7.8800 -0.3126
7.8850 -0.2038
7.8900 -0.2106
7.8950 -0.1022
7.9000 -0.1963
7.9050 -0.0960
7.9100 -0.2022
7.9150 -0.2458
7.9200 -0.1750
7.9250 -0.1812
7.9300 -0.0630
7.9350 -0.1466
7.9400 -0.2148
7.9450 -0.1357
7.9500 0.0093
7.9550 -0.1404
7.9600 -0.1540
7.9650 0.0211
7.9700 -0.0563
7.9750 -0.0917
7.9800 -0.1183
7.9850 -0.1813
7.9900 -0.0069
7.9950 -0.0428
8.0000 0.0319
8.0050 -0.1346
8.0100 0.1544
8.0150 0.0820
8.0200 -0.1124
8.0250 0.1609
8.0300 0.0074
8.0350 0.1072
8.0400 0.1097
8.0450 0.0105
8.0500 -0.1772
8.0550 0.1729
8.0600 0.0955
8.0650 0.0801
8.0700 0.1918
8.0750 0.0908
8.0800 0.2366
8.0850 0.1941
8.0900 0.0893
8.0950 0.2812
8.1000 0.2540
8.1050 0.3405
8.1100 0.1346
8.1150 0.1426
8.1200 0.2716
8.1250 0.3148
8.1300 0.3385
8.1350 0.2636
8.1400 0.2465
8.1450 0.3421
8.1500 0.4798
8.1550 0.3781
8.1600 0.3040
8.1650 0.2438
8.1700 0.3566
8.1750 0.2632
8.1800 0.3402
8.1850 0.3986
8.1900 0.4173
8.1950 0.3875
8.2000 0.4699
8.2050 0.5204
8.2100 0.1483
8.2150 0.1626
8.2200 0.2503
8.2250 0.1446
8.2300 0.3101
8.2350 0.3133
8.2400 0.3727
8.2450 0.3767
8.2500 0.2795
8.2550 0.2665
8.2600 0.4266
8.2650 0.3081
8.2700 0.2079
8.2750 0.3444
8.2800 0.3618
8.2850 0.2979
8.2900 0.4028
8.2950 0.3560
8.3000 0.3088
8.3050 0.3221
8.3100 0.3684
8.3150 0.2741
8.3200 0.2082
8.3250 0.2932
8.3300 0.3165
8.3350 0.3491
8.3400 0.2894
8.3450 0.2406
8.3500 0.3396
8.3550 0.2620
8.3600 0.3472
8.3650 0.2504
8.3700 0.2513
8.3750 0.2352
8.3800 0.1443
8.3850 0.1357
8.3900 0.1239
8.3950 0.3900
8.4000 0.1828
8.4050 0.2879
8.4100 0.2197
8.4150 0.3614
8.4200 0.2587
8.4250 0.0337
8.4300 0.1139
8.4350 0.2259
8.4400 0.1555
8.4450 0.3431
8.4500 0.1015
8.4550 -0.0592
8.4600 0.1299
8.4650 -0.0162
8.4700 0.0693
8.4750 0.1615
8.4800 0.0739
8.4850 0.0623
8.4900 0.0018
8.4950 -0.0039
8.5000 -0.0103
8.5050 -0.2907
8.5100 0.0178
8.5150 0.0668
8.5200 -0.1727
8.5250 -0.2058
8.5300 -0.0021
8.5350 -0.2254
8.5400 -0.2530
8.5450 -0.0165
8.5500 -0.1711
8.5550 0.0087
8.5600 -0.2550
8.5650 -0.1971
8.5700 -0.1213
8.5750 -0.1001
8.5800 -0.1177
8.5850 -0.1546
8.5900 -0.2058
8.5950 -0.2496
8.6000 -0.1524
8.6050 -0.2476
8.6100 -0.1751
8.6150 -0.1165
8.6200 -0.4581
8.6250 -0.0603
8.6300 -0.3113
8.6350 -0.1236
8.6400 -0.1070
8.6450 -0.4156
8.6500 -0.2574
8.6550 0.0655
8.6600 -0.3084
8.6650 -0.2438
8.6700 -0.2645
8.6750 -0.1757
8.6800 -0.1981
8.6850 -0.4061
8.6900 -0.3593
8.6950 -0.2848
8.7000 -0.3283
8.7050 -0.0720
8.7100 -0.2843
8.7150 -0.2868
8.7200 -0.4164
8.7250 -0.4651
8.7300 -0.2564
8.7350 -0.3566
8.7400 -0.2727
8.7450 -0.4211
8.7500 -0.2485
8.7550 -0.5191
8.7600 -0.1805
8.7650 -0.2516
8.7700 -0.3240
8.7750 -0.4495
8.7800 -0.3713
8.7850 -0.3038
8.7900 -0.2059
8.7950 -0.4272
8.8000 -0.1911
8.8050 -0.0403
8.8100 -0.3628
8.8150 -0.2622
8.8200 -0.3704
8.8250 -0.4716
8.8300 -0.1478
8.8350 -0.2202
8.8400 -0.3350
8.8450 -0.2668
8.8500 -0.2949
8.8550 -0.4117
8.8600 -0.5471
8.8650 -0.2567
8.8700 -0.2910
8.8750 -0.2950
8.8800 -0.3143
8.8850 -0.4036
8.8900 -0.2660
8.8950 -0.1894
8.9000 -0.3032
8.9050 -0.1433
8.9100 -0.2068
8.9150 -0.1806
8.9200 -0.3042
8.9250 -0.2284
8.9300 -0.1015
8.9350 -0.2119
8.9400 -0.1070
8.9450 0.0845
8.9500 -0.0238
8.9550 0.0105
8.9600 0.1530
8.9650 0.0447
8.9700 -0.0228
8.9750 0.1429
8.9800 -0.1323
8.9850 -0.0996
8.9900 0.1809
8.9950 0.0350
9.0000 -0.0042
9.0050 0.0563
9.0100 -0.0055
9.0150 0.0021
9.0200 0.0031
9.0250 -0.0033
9.0300 -0.0320
9.0350 0.0666
9.0400 0.0252
9.0450 0.2370
9.0500 0.1263
9.0550 0.2147
9.0600 0.1083
9.0650 0.1238
9.0700 0.2672
9.0750 0.2976
9.0800 0.1632
9.0850 0.3381
9.0900 0.2253
9.0950 0.2232
9.1000 0.4140
9.1050 0.3567
9.1100 0.3019
9.1150 0.2593
9.1200 0.1728
9.1250 0.2226
9.1300 0.4235
9.1350 0.0460
9.1400 0.1912
9.1450 0.2424
9.1500 0.2823
9.1550 0.0950
9.1600 0.3319
9.1650 0.3573
9.1700 0.1954
9.1750 0.2682
9.1800 0.1773
9.1850 0.4653
9.1900 0.3441
9.1950 0.2852
9.2000 0.2210
9.2050 0.3264
9.2100 0.4876
9.2150 0.3490
9.2200 0.3588
9.2250 0.2052
9.2300 0.3432
9.2350 0.4052
9.2400 0.1902
9.2450 0.4416
9.2500 0.5753
9.2550 0.1728
9.2600 0.1213
9.2650 0.3198
9.2700 0.4018
9.2750 0.3161
9.2800 0.3066
9.2850 0.3209
9.2900 0.2113
9.2950 0.1506
9.3000 0.4700
9.3050 0.3377
9.3100 0.1860
9.3150 0.4083
9.3200 0.1666
9.3250 0.2796
9.3300 0.3610
9.3350 0.1976
9.3400 0.2413
9.3450 0.2735
9.3500 0.4598
9.3550 0.3042
9.3600 0.2119
9.3650 0.2226
9.3700 0.2101
9.3750 0.3616
9.3800 0.1951
9.3850 0.1367
9.3900 0.2321
9.3950 0.1905
9.4000 0.2710
9.4050 0.2792
9.4100 0.2834
9.4150 0.2306
9.4200 0.2202
9.4250 0.3382
9.4300 0.0227
9.4350 0.0946
9.4400 -0.0497
9.4450 0.2022
9.4500 0.1027
9.4550 0.0608
9.4600 -0.0912
9.4650 0.0892
9.4700 0.0349
9.4750 -0.0847
9.4800 -0.0750
9.4850 -0.0456
9.4900 -0.0046
9.4950 -0.1547
9.5000 -0.0182
9.5050 0.0514
9.5100 -0.0580
9.5150 -0.1003
9.5200 -0.0102
9.5250 0.0594
9.5300 -0.1054
9.5350 -0.1173
9.5400 -0.2241
9.5450 -0.1881
9.5500 -0.0394
9.5550 -0.1209
9.5600 -0.0426
9.5650 -0.0614
9.5700 -0.1001
9.5750 -0.0701
9.5800 -0.0033
9.5850 -0.1067
9.5900 -0.1304
9.5950 -0.1858
9.6000 -0.3139
9.6050 -0.2483
9.6100 -0.1730
9.6150 -0.3244
9.6200 -0.1739
9.6250 -0.1957
9.6300 -0.2249
9.6350 -0.2115
9.6400 -0.2458
9.6450 -0.2566
9.6500 -0.2613
9.6550 -0.1732
9.6600 -0.2807
9.6650 -0.5410
9.6700 -0.3304
9.6750 -0.2669
9.6800 -0.1949
9.6850 -0.1569
9.6900 -0.3928
9.6950 -0.2261
9.7000 -0.2816
9.7050 -0.3291
9.7100 -0.3084
9.7150 -0.3159
9.7200 -0.3010
9.7250 -0.2930
9.7300 -0.3852
9.7350 -0.4236
9.7400 -0.2232
9.7450 -0.3422
9.7500 -0.1788
9.7550 -0.4124
9.7600 -0.3789
9.7650 -0.1765
9.7700 -0.1766
9.7750 -0.4188
9.7800 -0.2934
9.7850 -0.1779
9.7900 -0.1763
9.7950 -0.4353
9.8000 -0.1420
9.8050 -0.2343
9.8100 -0.2741
9.8150 -0.3155
9.8200 -0.3853
9.8250 -0.2748
9.8300 -0.3052
9.8350 -0.0435
9.8400 -0.2502
9.8450 -0.2809
9.8500 -0.2592
9.8550 -0.3130
9.8600 -0.0382
9.8650 -0.1751
9.8700 -0.2245
9.8750 -0.1127
9.8800 -0.2211
9.8850 -0.2201
9.8900 -0.2584
9.8950 -0.2564
9.9000 -0.0264
9.9050 -0.1017
9.9100 -0.1615
9.9150 0.0088
9.9200 -0.1506
9.9250 -0.1151
9.9300 -0.2771
9.9350 -0.0785
9.9400 -0.2615
9.9450 -0.2062
9.9500 -0.0030
9.9550 -0.0533
9.9600 -0.1660
9.9650 -0.1089
9.9700 -0.0337
9.9750 -0.0275
9.9800 -0.2108
9.9850 -0.1504
9.9900 -0.1972
9.9950 -0.0172
10.0000 -0.1721
