32774.0	43236.0
32783.0	37201.0
65570.0	72129.0
42.0	76418.0
42.0	77160.0
42.0	2762.0
42.0	122512.0
42.0	74385.0
42.0	12887.0
42.0	74682.0
44.0	11784.0
44.0	72129.0
44.0	11125.0
32817.0	37201.0
55.0	25826.0
59.0	30681.0
59.0	55639.0
32829.0	98639.0
32833.0	37756.0
32833.0	39898.0
32833.0	110564.0
72.0	15175.0
98316.0	104655.0
32843.0	37615.0
32846.0	33939.0
81.0	23068.0
81.0	115466.0
81.0	72716.0
81.0	26205.0
84.0	56882.0
32879.0	43236.0
112.0	43771.0
125.0	58352.0
125.0	3314.0
125.0	66781.0
131.0	49738.0
131.0	5987.0
142.0	60001.0
145.0	4072.0
145.0	3354.0
145.0	64723.0
145.0	5980.0
65688.0	72804.0
162.0	107969.0
162.0	45442.0
162.0	15175.0
162.0	4300.0
162.0	39052.0
162.0	98639.0
162.0	1366.0
172.0	38792.0
172.0	60001.0
172.0	17392.0
172.0	6037.0
172.0	6886.0
32944.0	38402.0
181.0	103933.0
181.0	8439.0
183.0	11161.0
183.0	54846.0
185.0	28200.0
185.0	29112.0
32967.0	36031.0
223.0	11161.0
228.0	124061.0
65772.0	66820.0
242.0	3791.0
245.0	3791.0
33015.0	33827.0
253.0	26601.0
253.0	18677.0
65804.0	67943.0
276.0	65388.0
277.0	19810.0
5509.0	17663.0
33059.0	38524.0
33059.0	103396.0
33061.0	48654.0
33067.0	37201.0
306.0	2301.0
65868.0	66820.0
33110.0	49032.0
33114.0	33939.0
33116.0	33175.0
33117.0	35360.0
357.0	45754.0
357.0	40796.0
357.0	17229.0
359.0	101092.0
76519.0	105680.0
365.0	18050.0
365.0	2227.0
365.0	24199.0
365.0	20522.0
365.0	23415.0
365.0	54285.0
365.0	39729.0
365.0	7187.0
365.0	6612.0
365.0	55255.0
365.0	6967.0
365.0	7064.0
365.0	54329.0
365.0	6490.0
365.0	12316.0
380.0	1465.0
33159.0	40155.0
394.0	57990.0
394.0	74022.0
394.0	74539.0
394.0	78029.0
394.0	4370.0
394.0	76499.0
394.0	76506.0
394.0	74012.0
394.0	76255.0
399.0	8508.0
417.0	21060.0
417.0	2301.0
430.0	20240.0
430.0	99714.0
430.0	10285.0
430.0	18454.0
430.0	1495.0
33199.0	37201.0
436.0	18596.0
436.0	54846.0
4379.0	5262.0
443.0	641.0
443.0	15974.0
443.0	31495.0
443.0	98856.0
443.0	54028.0
443.0	68749.0
443.0	12542.0
443.0	8376.0
443.0	27961.0
443.0	8410.0
443.0	22046.0
443.0	4479.0
33213.0	107723.0
458.0	103933.0
458.0	58142.0
468.0	22722.0
468.0	56882.0
469.0	13799.0
474.0	7818.0
474.0	3791.0
75304.0	107893.0
488.0	61235.0
491.0	7086.0
33269.0	41900.0
509.0	33175.0
510.0	12542.0
75305.0	107893.0
66059.0	66789.0
33304.0	43236.0
33308.0	40155.0
543.0	26459.0
66088.0	68980.0
33321.0	37922.0
555.0	58680.0
555.0	10977.0
555.0	102922.0
555.0	1554.0
555.0	58535.0
556.0	74401.0
556.0	74402.0
556.0	5139.0
556.0	27740.0
556.0	51446.0
579.0	15424.0
579.0	17180.0
579.0	38524.0
579.0	19182.0
580.0	58182.0
580.0	20710.0
580.0	46997.0
580.0	8477.0
580.0	20254.0
580.0	65183.0
586.0	106875.0
586.0	27883.0
586.0	64879.0
586.0	55792.0
586.0	1495.0
586.0	99161.0
586.0	23707.0
586.0	53375.0
601.0	30681.0
611.0	8410.0
626.0	5120.0
626.0	2766.0
626.0	5583.0
626.0	626.0
626.0	6259.0
626.0	1495.0
626.0	1625.0
627.0	5984.0
627.0	11814.0
627.0	5543.0
627.0	56555.0
627.0	9549.0
627.0	54126.0
627.0	15565.0
627.0	16112.0
627.0	54804.0
627.0	21742.0
627.0	59322.0
638.0	76440.0
33407.0	107969.0
641.0	5249.0
641.0	4072.0
641.0	48073.0
641.0	50988.0
641.0	65388.0
641.0	4878.0
641.0	20687.0
641.0	5624.0
33413.0	35866.0
33416.0	33939.0
662.0	103810.0
662.0	9053.0
33431.0	35858.0
665.0	15179.0
684.0	36629.0
33454.0	88620.0
697.0	24194.0
697.0	83947.0
697.0	24804.0
697.0	108837.0
697.0	18183.0
697.0	11274.0
697.0	10155.0
697.0	72642.0
697.0	50830.0
697.0	110159.0
697.0	21171.0
697.0	16342.0
697.0	105818.0
697.0	18042.0
697.0	75518.0
123097.0	123411.0
33471.0	34309.0
33471.0	37768.0
33471.0	104655.0
33471.0	42312.0
33471.0	36155.0
33471.0	46405.0
708.0	2090.0
709.0	5026.0
66253.0	82639.0
721.0	20331.0
721.0	14957.0
735.0	1364.0
735.0	11237.0
735.0	18501.0
737.0	9269.0
33512.0	48965.0
746.0	45345.0
757.0	58182.0
757.0	66253.0
757.0	17039.0
757.0	47825.0
757.0	63097.0
757.0	27119.0
757.0	58142.0
762.0	4400.0
762.0	20681.0
762.0	5124.0
764.0	15179.0
765.0	15179.0
770.0	4400.0
770.0	76557.0
772.0	4098.0
772.0	4072.0
772.0	2539.0
772.0	45442.0
772.0	8974.0
772.0	4562.0
772.0	5371.0
33544.0	33668.0
778.0	20837.0
779.0	13549.0
780.0	58232.0
783.0	7828.0
783.0	110294.0
66324.0	84587.0
818.0	111680.0
818.0	27822.0
818.0	2022.0
818.0	15015.0
5598.0	21060.0
5598.0	13799.0
5598.0	30888.0
5598.0	53196.0
5598.0	6222.0
5598.0	10863.0
5598.0	55639.0
33596.0	107969.0
33596.0	106804.0
5601.0	6242.0
5601.0	11786.0
849.0	10408.0
849.0	3411.0
851.0	111328.0
851.0	10408.0
33626.0	37284.0
864.0	4904.0
864.0	28825.0
33635.0	38461.0
33638.0	49029.0
32913.0	37768.0
32913.0	46405.0
872.0	2310.0
71145.0	116586.0
33668.0	36286.0
911.0	12560.0
911.0	45202.0
911.0	1994.0
911.0	1863.0
916.0	5408.0
916.0	5682.0
916.0	6338.0
916.0	5935.0
33688.0	41660.0
110235.0	112211.0
933.0	6222.0
117873.0	122244.0
944.0	76818.0
944.0	106910.0
949.0	17393.0
949.0	19414.0
954.0	56304.0
954.0	110783.0
33729.0	41651.0
965.0	4290.0
966.0	24420.0
985.0	73761.0
985.0	16338.0
985.0	8806.0
985.0	67373.0
985.0	81750.0
986.0	11125.0
33760.0	72461.0
33768.0	37768.0
1009.0	3833.0
1009.0	92243.0
1009.0	92235.0
1009.0	4326.0
1020.0	22403.0
1027.0	76610.0
1027.0	28581.0
1027.0	5998.0
33804.0	39052.0
33804.0	36031.0
33817.0	38461.0
1065.0	20263.0
1065.0	98057.0
1065.0	13162.0
1065.0	5139.0
1065.0	58420.0
1065.0	53814.0
1065.0	33176.0
1065.0	51707.0
1069.0	16338.0
1072.0	2090.0
1080.0	15153.0
1094.0	4540.0
1096.0	64139.0
1096.0	12519.0
99404.0	111783.0
1107.0	9773.0
1113.0	4749.0
1121.0	84264.0
1137.0	69241.0
1144.0	63097.0
1144.0	4380.0
54804.0	59322.0
1150.0	55639.0
1151.0	6242.0
1154.0	12542.0
33925.0	108239.0
1163.0	17041.0
1163.0	25826.0
1163.0	13821.0
1163.0	1881.0
1166.0	9495.0
1178.0	7505.0
1181.0	18501.0
66743.0	68980.0
33980.0	33980.0
1227.0	3927.0
1227.0	4511.0
1227.0	4222.0
1227.0	1574.0
1227.0	4823.0
1229.0	8560.0
1232.0	47106.0
34011.0	38980.0
34011.0	37284.0
34011.0	98639.0
34011.0	43236.0
34011.0	108862.0
34011.0	36031.0
34013.0	41830.0
1250.0	102853.0
1250.0	19977.0
1250.0	18095.0
1250.0	48083.0
1250.0	24756.0
1250.0	8983.0
1250.0	103933.0
34031.0	42836.0
34031.0	106543.0
66802.0	87369.0
1288.0	28627.0
1296.0	29112.0
1298.0	21060.0
66835.0	68915.0
34074.0	37615.0
1308.0	3773.0
1308.0	21060.0
1308.0	6222.0
1308.0	10863.0
1308.0	58255.0
1308.0	2301.0
65754.0	66820.0
1312.0	76178.0
1315.0	16000.0
1315.0	8934.0
1315.0	4904.0
1315.0	22921.0
1315.0	10285.0
1315.0	59726.0
1315.0	7373.0
1315.0	110677.0
1315.0	28825.0
1315.0	59322.0
1315.0	13178.0
1319.0	111107.0
1325.0	4749.0
1330.0	2468.0
1330.0	18677.0
1334.0	6752.0
1334.0	51681.0
1334.0	9669.0
1334.0	5991.0
1334.0	54122.0
1334.0	5658.0
1334.0	52860.0
34116.0	36031.0
1358.0	11784.0
1358.0	76557.0
34127.0	45289.0
34127.0	49029.0
1366.0	4072.0
1366.0	5026.0
1366.0	6223.0
99672.0	99714.0
99683.0	101118.0
34158.0	104267.0
1398.0	6475.0
1403.0	73604.0
34176.0	44877.0
1412.0	38524.0
1412.0	33486.0
1414.0	59506.0
34185.0	38524.0
66956.0	91269.0
99735.0	119201.0
34204.0	43970.0
34204.0	92111.0
99756.0	108239.0
1459.0	17057.0
1459.0	18067.0
1459.0	14607.0
1465.0	33760.0
1465.0	3880.0
1465.0	6167.0
1465.0	33176.0
1465.0	30105.0
1465.0	32890.0
1467.0	9408.0
1467.0	47106.0
1467.0	26467.0
1467.0	20743.0
1467.0	1639.0
1467.0	58476.0
1467.0	15568.0
1467.0	7505.0
1467.0	9523.0
1467.0	27159.0
1467.0	65639.0
1467.0	4380.0
1467.0	39998.0
1470.0	27874.0
1471.0	88848.0
1471.0	97189.0
100433.0	108837.0
1481.0	7373.0
1481.0	8934.0
1482.0	2785.0
1489.0	111451.0
1495.0	4961.0
1495.0	1954.0
1495.0	4326.0
1495.0	2766.0
1495.0	2579.0
1495.0	2132.0
1495.0	73902.0
1495.0	5462.0
1495.0	4889.0
1495.0	5183.0
34278.0	43236.0
1523.0	122512.0
1523.0	99161.0
1523.0	37591.0
1528.0	15438.0
34303.0	45531.0
34303.0	48951.0
34307.0	90662.0
34312.0	107280.0
34312.0	42270.0
34314.0	107280.0
34314.0	42270.0
1554.0	4072.0
1554.0	5360.0
1554.0	1876.0
34325.0	90662.0
67108.0	115872.0
67108.0	67176.0
67108.0	117514.0
67108.0	100346.0
67108.0	116862.0
1573.0	45289.0
1573.0	45754.0
1594.0	97923.0
1594.0	66597.0
1594.0	6886.0
1594.0	103494.0
1594.0	5972.0
1594.0	40796.0
67132.0	118476.0
1605.0	3195.0
1605.0	5124.0
1607.0	12026.0
34385.0	40153.0
34385.0	60001.0
34389.0	47092.0
34393.0	47092.0
34395.0	47092.0
1639.0	54883.0
1639.0	4038.0
1639.0	20743.0
1639.0	65639.0
1639.0	17678.0
1639.0	3026.0
1639.0	9523.0
67176.0	69241.0
99945.0	111783.0
1648.0	10408.0
1648.0	5002.0
1648.0	3698.0
1648.0	5202.0
1657.0	99714.0
1657.0	13799.0
1665.0	6475.0
99980.0	111783.0
1678.0	118476.0
1678.0	25685.0
34467.0	36155.0
1715.0	26601.0
1715.0	8439.0
1715.0	13549.0
1715.0	8560.0
1715.0	20695.0
1715.0	110783.0
1720.0	24194.0
1720.0	70618.0
1725.0	6080.0
1725.0	13308.0
1725.0	4204.0
1725.0	75518.0
1728.0	12480.0
1728.0	10408.0
1728.0	20681.0
1728.0	14664.0
1728.0	2068.0
1728.0	101118.0
1728.0	20254.0
1734.0	6964.0
1734.0	27238.0
1746.0	2090.0
34520.0	42384.0
1757.0	55385.0
1757.0	50031.0
1757.0	52069.0
1757.0	5406.0
1757.0	5543.0
1760.0	22722.0
1760.0	6475.0
1760.0	20710.0
1772.0	17392.0
1772.0	3273.0
1772.0	22682.0
1772.0	3940.0
1772.0	77079.0
34546.0	35383.0
1782.0	1841.0
1782.0	37591.0
1782.0	2468.0
1782.0	5262.0
1782.0	2231.0
34561.0	42384.0
1798.0	8173.0
1798.0	2302.0
1805.0	53872.0
1805.0	51025.0
1805.0	5900.0
1813.0	54028.0
34586.0	36880.0
1841.0	53944.0
1841.0	10722.0
1849.0	78856.0
1849.0	58335.0
34618.0	34618.0
34618.0	34620.0
1865.0	90434.0
1865.0	62275.0
100174.0	104288.0
66789.0	70651.0
66789.0	67723.0
1876.0	30888.0
1876.0	43484.0
1876.0	53196.0
1876.0	2301.0
1879.0	18677.0
1881.0	54914.0
1881.0	4923.0
1881.0	5124.0
1881.0	11869.0
1885.0	25614.0
1885.0	20623.0
34661.0	60210.0
1895.0	16338.0
1895.0	66714.0
1902.0	103037.0
65854.0	66820.0
1915.0	52399.0
34696.0	104965.0
1947.0	15416.0
1947.0	32267.0
1947.0	31116.0
1947.0	37533.0
1947.0	8103.0
1951.0	5998.0
34737.0	87471.0
1971.0	10863.0
34748.0	38564.0
34748.0	37174.0
1994.0	3836.0
1995.0	4749.0
2016.0	9730.0
2017.0	75012.0
2017.0	75013.0
34786.0	36421.0
82993.0	101623.0
2022.0	18050.0
2022.0	2263.0
2022.0	2662.0
2022.0	15015.0
34795.0	95134.0
34795.0	94494.0
34795.0	89062.0
34821.0	39648.0
34821.0	101370.0
34826.0	43006.0
34829.0	42384.0
67602.0	69813.0
2068.0	5658.0
2069.0	79077.0
34851.0	42384.0
2090.0	4920.0
2090.0	4326.0
2090.0	5303.0
2102.0	9139.0
99363.0	99714.0
2117.0	20632.0
2117.0	25710.0
2120.0	24194.0
2120.0	43006.0
34893.0	40153.0
2126.0	105818.0
2132.0	57155.0
2132.0	17126.0
2132.0	4326.0
2132.0	8103.0
2132.0	11784.0
2132.0	96074.0
2132.0	2766.0
2132.0	109071.0
2132.0	2704.0
2132.0	52657.0
2132.0	54995.0
2132.0	19348.0
2132.0	73902.0
2132.0	37591.0
2132.0	11418.0
2132.0	10863.0
2132.0	23770.0
2136.0	21586.0
2136.0	107612.0
100457.0	102853.0
2175.0	5998.0
34953.0	47408.0
2187.0	96982.0
34959.0	90575.0
2195.0	15918.0
2210.0	8923.0
2210.0	14607.0
2211.0	11274.0
2211.0	53196.0
2211.0	6222.0
2211.0	63359.0
2227.0	35026.0
2227.0	11826.0
2227.0	64836.0
2227.0	11237.0
2227.0	18501.0
2231.0	28581.0
2231.0	3082.0
2231.0	3183.0
2231.0	3184.0
2231.0	5624.0
2231.0	5272.0
35003.0	38145.0
35003.0	105097.0
2237.0	24420.0
2237.0	66781.0
2238.0	29112.0
2238.0	8560.0
2238.0	24194.0
2238.0	6563.0
2238.0	2407.0
35016.0	46275.0
35022.0	49738.0
35022.0	49755.0
35022.0	47559.0
35026.0	38329.0
35026.0	107282.0
35026.0	37787.0
35026.0	56310.0
35026.0	103094.0
2261.0	15112.0
2261.0	55714.0
2261.0	58335.0
2263.0	111680.0
2263.0	23415.0
2263.0	15015.0
2296.0	4904.0
2296.0	28825.0
2297.0	4072.0
2297.0	8983.0
2297.0	3773.0
2297.0	11826.0
2297.0	26487.0
2297.0	4733.0
2301.0	72385.0
2302.0	2978.0
2302.0	2907.0
2302.0	6130.0
2302.0	2302.0
2302.0	3477.0
35073.0	70817.0
2308.0	78856.0
2310.0	83521.0
2310.0	95525.0
2310.0	96481.0
2310.0	95154.0
2310.0	58420.0
2310.0	90809.0
2310.0	93020.0
2310.0	96479.0
35090.0	73911.0
35098.0	104267.0
2333.0	11279.0
35104.0	49738.0
35104.0	49755.0
35104.0	56310.0
35104.0	46519.0
2347.0	5895.0
2347.0	3720.0
2347.0	2826.0
2347.0	2347.0
2347.0	2906.0
2347.0	3131.0
2354.0	56882.0
2361.0	10618.0
2361.0	15438.0
2361.0	19134.0
33162.0	43236.0
2366.0	10408.0
2366.0	6647.0
2383.0	8359.0
2383.0	53015.0
35155.0	60210.0
5861.0	5998.0
2407.0	51714.0
2407.0	54035.0
2407.0	54036.0
2407.0	54037.0
2407.0	55191.0
2407.0	5502.0
35193.0	35360.0
35201.0	98753.0
2434.0	9773.0
116832.0	122104.0
2442.0	9773.0
33175.0	107969.0
35213.0	104267.0
35221.0	58352.0
2454.0	13208.0
2454.0	40808.0
2454.0	59506.0
2454.0	47683.0
2454.0	7197.0
2459.0	11168.0
35239.0	41819.0
2478.0	7818.0
68015.0	69241.0
2508.0	77411.0
2508.0	102172.0
2515.0	43006.0
2528.0	73902.0
2539.0	71618.0
2539.0	45442.0
2539.0	27526.0
2539.0	15175.0
2539.0	2539.0
2539.0	4300.0
2539.0	4098.0
2539.0	14957.0
2539.0	84624.0
2539.0	3219.0
2539.0	16916.0
2539.0	8150.0
2539.0	66713.0
2539.0	17300.0
2539.0	5371.0
2539.0	100275.0
2539.0	19134.0
100844.0	119201.0
2544.0	6037.0
2552.0	13569.0
2565.0	74328.0
112472.0	120193.0
35352.0	46405.0
2590.0	110294.0
5893.0	50031.0
35360.0	37903.0
35373.0	104267.0
35383.0	37593.0
35383.0	35420.0
35383.0	38286.0
35409.0	58352.0
2642.0	29112.0
2647.0	11161.0
35423.0	42384.0
35423.0	46347.0
35423.0	64407.0
68195.0	68744.0
68195.0	73418.0
68195.0	70006.0
68195.0	69215.0
2662.0	8761.0
2662.0	91269.0
87828.0	108589.0
2686.0	10722.0
35455.0	40153.0
2694.0	6475.0
2704.0	3515.0
101012.0	111783.0
35478.0	48850.0
35509.0	37773.0
35509.0	37526.0
2750.0	12026.0
2751.0	59405.0
2751.0	54078.0
2751.0	59322.0
2751.0	24731.0
2751.0	43006.0
2751.0	20255.0
2758.0	13304.0
2758.0	3354.0
2758.0	5125.0
2758.0	6223.0
2761.0	37201.0
2764.0	102299.0
2766.0	11784.0
2766.0	17126.0
2766.0	54846.0
35540.0	58352.0
68309.0	69241.0
35547.0	108837.0
35547.0	103094.0
2790.0	47106.0
2797.0	47106.0
2798.0	13856.0
2798.0	6914.0
2798.0	28581.0
2798.0	68749.0
2798.0	7373.0
2798.0	18677.0
2798.0	69494.0
2798.0	76375.0
2798.0	17663.0
2801.0	29112.0
2823.0	7265.0
5934.0	24804.0
5934.0	58182.0
2844.0	67704.0
2844.0	56882.0
2844.0	94283.0
2844.0	19370.0
2850.0	11279.0
57925.0	99161.0
101177.0	101890.0
2894.0	52399.0
2900.0	24287.0
35673.0	48762.0
35673.0	101044.0
2907.0	5737.0
2907.0	4242.0
2929.0	77847.0
2930.0	18050.0
2930.0	18183.0
2933.0	14664.0
2933.0	11098.0
2946.0	43968.0
2946.0	37284.0
2946.0	39052.0
2946.0	37615.0
2946.0	33175.0
2946.0	43236.0
2948.0	85362.0
35723.0	72461.0
35731.0	47092.0
2969.0	13341.0
35742.0	41819.0
2978.0	83947.0
35756.0	47092.0
35765.0	41830.0
35768.0	107280.0
35780.0	75518.0
35787.0	73793.0
101340.0	111783.0
3052.0	9139.0
3067.0	11840.0
3067.0	20331.0
3067.0	14957.0
3067.0	28974.0
3067.0	8173.0
3067.0	16147.0
3067.0	52883.0
3067.0	82542.0
3067.0	55031.0
3067.0	3067.0
3067.0	15006.0
35852.0	63374.0
3085.0	19977.0
3085.0	83947.0
3085.0	102853.0
35866.0	36771.0
35866.0	36286.0
3112.0	60001.0
3129.0	98020.0
3133.0	24199.0
3133.0	19338.0
3133.0	39729.0
3133.0	15122.0
3133.0	29107.0
3133.0	20632.0
3133.0	27961.0
104288.0	104288.0
3150.0	71872.0
3150.0	10977.0
3150.0	111362.0
3150.0	77411.0
3150.0	5124.0
3150.0	22053.0
3150.0	84587.0
3150.0	59405.0
3150.0	17581.0
3150.0	21840.0
3150.0	25969.0
3150.0	21434.0
3150.0	20687.0
3150.0	21562.0
5987.0	5987.0
3159.0	102922.0
3159.0	65415.0
35935.0	121036.0
35941.0	36266.0
35941.0	37491.0
35941.0	37493.0
3195.0	75505.0
3195.0	3907.0
3195.0	67995.0
3195.0	10462.0
35965.0	36880.0
35965.0	99986.0
35967.0	99986.0
3208.0	109722.0
68749.0	73361.0
68749.0	72262.0
68749.0	70327.0
3219.0	72385.0
3219.0	9730.0
3219.0	30888.0
3219.0	53196.0
3219.0	12530.0
3219.0	3515.0
35989.0	48654.0
3226.0	3402.0
3228.0	99161.0
101539.0	111783.0
36004.0	98753.0
36005.0	43163.0
3239.0	107969.0
3239.0	6964.0
3239.0	45125.0
3239.0	43006.0
3239.0	40917.0
101544.0	110259.0
36009.0	100856.0
36031.0	101410.0
36031.0	43236.0
36035.0	104267.0
3273.0	17392.0
3273.0	6037.0
110313.0	116853.0
36052.0	104267.0
3293.0	16619.0
3311.0	58232.0
3311.0	4380.0
98856.0	105696.0
98856.0	101600.0
98856.0	100305.0
98856.0	102451.0
98856.0	105431.0
98856.0	105432.0
3314.0	3515.0
3314.0	55031.0
120702.0	121105.0
3320.0	20408.0
3320.0	16338.0
3320.0	8806.0
36096.0	36096.0
36096.0	37046.0
3339.0	88904.0
3345.0	47106.0
3352.0	19977.0
3352.0	24756.0
3354.0	55748.0
3354.0	64723.0
3354.0	20623.0
3354.0	96691.0
3354.0	25342.0
3354.0	46519.0
3354.0	16147.0
3354.0	50031.0
3354.0	24030.0
3361.0	54102.0
36148.0	39952.0
3382.0	6475.0
3383.0	6475.0
3387.0	6803.0
3387.0	10109.0
3392.0	65415.0
3399.0	3791.0
3405.0	15918.0
3411.0	55496.0
3411.0	56882.0
98874.0	110259.0
3443.0	36629.0
3445.0	3445.0
3445.0	8934.0
3447.0	15179.0
36236.0	37007.0
3472.0	42554.0
3477.0	37922.0
3477.0	6803.0
3477.0	45282.0
36248.0	46405.0
3481.0	101092.0
3515.0	6218.0
3515.0	5739.0
3515.0	5598.0
36284.0	39732.0
3561.0	15153.0
3561.0	31116.0
3561.0	38509.0
3561.0	47473.0
3561.0	110581.0
3561.0	15416.0
3565.0	76440.0
3565.0	12491.0
101890.0	104481.0
3593.0	14537.0
36364.0	36880.0
3625.0	24194.0
3625.0	14607.0
3629.0	14537.0
3629.0	58228.0
36398.0	39732.0
3644.0	4540.0
36415.0	39952.0
98323.0	98856.0
36421.0	80448.0
36421.0	38594.0
36421.0	84756.0
36421.0	80450.0
36424.0	101410.0
3658.0	112556.0
3666.0	90434.0
3671.0	54028.0
3672.0	103933.0
3679.0	111107.0
3685.0	47273.0
3686.0	23500.0
3698.0	59322.0
3698.0	13178.0
69241.0	72841.0
69241.0	72379.0
69241.0	69852.0
36475.0	40917.0
3714.0	61640.0
3733.0	25925.0
3733.0	14150.0
3733.0	8235.0
3733.0	9615.0
3733.0	60401.0
3733.0	18815.0
3733.0	69813.0
3733.0	109851.0
3733.0	16405.0
3733.0	72863.0
36523.0	38277.0
36523.0	47559.0
36526.0	50830.0
3771.0	4540.0
36540.0	38524.0
3773.0	17282.0
3773.0	5029.0
3773.0	30888.0
3773.0	8173.0
3773.0	20623.0
3773.0	16147.0
3773.0	17300.0
3773.0	56310.0
3773.0	35996.0
3773.0	5598.0
36543.0	42384.0
3791.0	3880.0
3791.0	6056.0
3791.0	4445.0
102110.0	110159.0
36590.0	97189.0
3833.0	57835.0
3833.0	54028.0
3833.0	20240.0
3833.0	7505.0
3833.0	76818.0
3833.0	61235.0
3833.0	11125.0
3833.0	58680.0
3833.0	42202.0
3836.0	12560.0
3836.0	35360.0
3836.0	47899.0
3836.0	101796.0
3836.0	9303.0
36609.0	47604.0
36609.0	108837.0
36609.0	37597.0
3849.0	14564.0
3853.0	19968.0
3853.0	103810.0
3853.0	68749.0
102163.0	110677.0
102172.0	105140.0
3869.0	22200.0
3880.0	45289.0
3880.0	72461.0
3880.0	15494.0
3893.0	15175.0
3900.0	15179.0
36671.0	38277.0
3907.0	57101.0
3907.0	8103.0
99423.0	114592.0
3918.0	47106.0
3924.0	16338.0
65647.0	71019.0
3936.0	4904.0
36705.0	40917.0
36705.0	43006.0
3940.0	17392.0
36712.0	47092.0
36714.0	47092.0
3950.0	14173.0
3967.0	6914.0
3967.0	24420.0
3967.0	13799.0
3967.0	4072.0
3967.0	68749.0
3967.0	7086.0
3967.0	16147.0
3967.0	6647.0
3967.0	66781.0
3968.0	52399.0
3990.0	55148.0
36773.0	40064.0
82591.0	95628.0
4030.0	43006.0
4030.0	28974.0
4043.0	6886.0
4043.0	110159.0
4043.0	18000.0
4043.0	24369.0
4043.0	21171.0
4043.0	75518.0
36823.0	38161.0
4072.0	7064.0
4072.0	6914.0
4072.0	24199.0
4072.0	54028.0
4072.0	7949.0
4072.0	8974.0
4072.0	58255.0
4072.0	20632.0
4072.0	101395.0
4072.0	104856.0
4072.0	11161.0
4072.0	22682.0
4072.0	35996.0
4072.0	22046.0
4072.0	5029.0
4072.0	58535.0
4072.0	63274.0
4072.0	101931.0
4072.0	60210.0
4072.0	96691.0
4072.0	75316.0
4072.0	8376.0
4072.0	5190.0
4072.0	53196.0
4072.0	57931.0
4072.0	4300.0
4072.0	98639.0
4072.0	64723.0
4072.0	65415.0
4072.0	55639.0
4072.0	74328.0
4072.0	99161.0
4072.0	43484.0
4072.0	66781.0
4072.0	24030.0
4072.0	58463.0
4072.0	10722.0
4072.0	83947.0
4072.0	60401.0
4072.0	16147.0
4072.0	26487.0
4072.0	103037.0
4072.0	12542.0
4072.0	4479.0
4078.0	8410.0
4098.0	4098.0
4098.0	50437.0
4098.0	27526.0
4098.0	4300.0
4098.0	71618.0
4098.0	8974.0
4098.0	14957.0
4098.0	100275.0
4098.0	17300.0
4098.0	8150.0
4098.0	5371.0
4098.0	13341.0
4099.0	9730.0
4099.0	17300.0
4104.0	87069.0
93527.0	106478.0
36880.0	36880.0
102704.0	108239.0
4148.0	14312.0
4148.0	12530.0
4148.0	36629.0
4148.0	111783.0
36930.0	42739.0
88075.0	100856.0
4167.0	11237.0
36946.0	96328.0
4188.0	104026.0
4204.0	19370.0
36981.0	110564.0
37001.0	41830.0
69772.0	70564.0
37007.0	38587.0
37007.0	38516.0
37007.0	38174.0
37011.0	43970.0
4251.0	42384.0
4251.0	48621.0
37044.0	43236.0
69813.0	71392.0
37054.0	45671.0
4290.0	4360.0
4290.0	5980.0
4292.0	61640.0
33484.0	39650.0
33484.0	38461.0
4300.0	9730.0
4300.0	50437.0
4300.0	27526.0
4300.0	39052.0
4300.0	45442.0
4300.0	8974.0
4300.0	84624.0
4300.0	16147.0
4300.0	16916.0
4300.0	8983.0
4300.0	66713.0
4300.0	13341.0
4300.0	21027.0
4300.0	24111.0
4300.0	68915.0
4300.0	48313.0
4300.0	9915.0
4300.0	100275.0
4300.0	19134.0
4300.0	71618.0
4300.0	15175.0
4300.0	4300.0
4300.0	8150.0
4300.0	65379.0
4300.0	83048.0
4300.0	20331.0
4300.0	14957.0
4300.0	17300.0
4300.0	7294.0
4300.0	63359.0
4305.0	50203.0
4305.0	28581.0
37074.0	37074.0
37074.0	108862.0
37077.0	47408.0
4310.0	87471.0
4310.0	72461.0
4310.0	9691.0
4310.0	87255.0
4326.0	5120.0
4326.0	60898.0
4326.0	15494.0
4326.0	8103.0
4326.0	11784.0
4326.0	96074.0
4326.0	15431.0
4326.0	73902.0
4326.0	109071.0
4326.0	7408.0
4326.0	28118.0
4326.0	15416.0
4326.0	11418.0
4326.0	8508.0
4334.0	14537.0
4334.0	58228.0
4334.0	57233.0
102639.0	104655.0
49875.0	65180.0
49875.0	101583.0
4359.0	5026.0
4359.0	35996.0
4359.0	19290.0
4366.0	18523.0
4366.0	107571.0
4366.0	111332.0
4366.0	15974.0
4370.0	58795.0
4370.0	102853.0
4370.0	6886.0
4380.0	9848.0
4380.0	5249.0
4380.0	17820.0
4380.0	25197.0
69922.0	70564.0
4391.0	11826.0
4391.0	47683.0
4391.0	51300.0
4391.0	16210.0
4401.0	22200.0
4407.0	48313.0
4407.0	57358.0
4408.0	8737.0
4408.0	17282.0
4408.0	69348.0
4408.0	18213.0
4408.0	45125.0
99039.0	101530.0
99039.0	99717.0
99039.0	99039.0
4421.0	97923.0
4421.0	26952.0
4421.0	15179.0
4421.0	16147.0
4421.0	5972.0
4421.0	58228.0
60812.0	69241.0
4436.0	36609.0
4436.0	24194.0
4436.0	104965.0
4436.0	48774.0
4436.0	49032.0
4436.0	48651.0
4436.0	28974.0
4436.0	42739.0
4436.0	43771.0
89065.0	98020.0
89065.0	103396.0
4445.0	78441.0
4471.0	57358.0
4476.0	7505.0
4476.0	58463.0
4476.0	63705.0
4479.0	22046.0
4479.0	5679.0
4481.0	59506.0
4481.0	14051.0
37252.0	38534.0
4488.0	69061.0
4497.0	5120.0
4497.0	47473.0
4497.0	8103.0
4497.0	45289.0
4497.0	96074.0
4497.0	38509.0
4497.0	41693.0
4497.0	39952.0
4497.0	15153.0
4497.0	19348.0
4497.0	110581.0
4497.0	37335.0
4497.0	15416.0
4497.0	29785.0
4497.0	11418.0
4497.0	32250.0
4506.0	6475.0
4507.0	6475.0
116780.0	119081.0
4511.0	98057.0
4511.0	78050.0
4511.0	39898.0
37284.0	43236.0
37285.0	96328.0
107081.0	115504.0
102829.0	111783.0
4540.0	5628.0
4540.0	5629.0
4540.0	5630.0
6218.0	8376.0
6218.0	30681.0
6218.0	43484.0
4553.0	21171.0
4562.0	8974.0
6222.0	55372.0
6222.0	8173.0
6222.0	28974.0
6222.0	14957.0
6222.0	81557.0
6222.0	58071.0
4584.0	12311.0
4596.0	12530.0
71764.0	71923.0
102913.0	111783.0
33538.0	49029.0
33538.0	110581.0
4623.0	99714.0
4623.0	97923.0
4623.0	104026.0
4623.0	15122.0
4629.0	20408.0
4629.0	16338.0
4629.0	59726.0
4655.0	55148.0
4656.0	55148.0
4661.0	21408.0
4661.0	103494.0
4661.0	24199.0
4661.0	33486.0
4661.0	90575.0
4661.0	37201.0
4661.0	35026.0
4661.0	11509.0
37434.0	65380.0
37436.0	65380.0
4686.0	4749.0
4704.0	11840.0
4704.0	22722.0
4704.0	21513.0
4704.0	59405.0
4704.0	110294.0
4704.0	101118.0
4707.0	9269.0
4707.0	5583.0
37481.0	38524.0
4732.0	4749.0
4733.0	4749.0
4749.0	6461.0
37533.0	43729.0
37533.0	41693.0
37533.0	49029.0
37533.0	81398.0
37533.0	82095.0
4773.0	55639.0
4774.0	11098.0
4774.0	52518.0
4798.0	6475.0
37570.0	93718.0
11725.0	60257.0
11725.0	12900.0
11725.0	55599.0
11725.0	52340.0
11725.0	52214.0
11725.0	54904.0
11725.0	52793.0
11725.0	52212.0
4818.0	90434.0
4822.0	59506.0
4835.0	30681.0
4838.0	67928.0
4838.0	27874.0
4838.0	14051.0
4838.0	14150.0
4838.0	82887.0
4838.0	17041.0
4838.0	13208.0
4838.0	19003.0
4838.0	18815.0
4840.0	110294.0
37615.0	43236.0
37615.0	98639.0
4850.0	5998.0
4878.0	58232.0
4878.0	18815.0
4878.0	58182.0
4878.0	17039.0
4881.0	7042.0
4881.0	23076.0
4881.0	103494.0
4881.0	5583.0
4881.0	26231.0
4881.0	45754.0
120963.0	121327.0
4889.0	72129.0
4901.0	40917.0
4904.0	28825.0
37677.0	43006.0
84049.0	88848.0
37683.0	39898.0
37689.0	41819.0
4923.0	59506.0
4923.0	103933.0
4923.0	28367.0
4928.0	60898.0
4928.0	56555.0
4928.0	11418.0
4929.0	19370.0
39052.0	91952.0
39052.0	90107.0
37716.0	43236.0
4956.0	15179.0
4964.0	97923.0
4964.0	5972.0
37742.0	42384.0
4976.0	11237.0
4985.0	6964.0
37756.0	38161.0
37756.0	93380.0
37756.0	90926.0
37756.0	82391.0
37761.0	42270.0
37762.0	39952.0
5026.0	5302.0
70564.0	70564.0
70564.0	72942.0
70564.0	72943.0
5048.0	19348.0
120992.0	121535.0
5104.0	11237.0
5120.0	72129.0
5120.0	17126.0
5120.0	8103.0
5120.0	11784.0
5120.0	24111.0
5120.0	7408.0
5120.0	27699.0
5120.0	19348.0
5120.0	28118.0
5120.0	109071.0
5124.0	17393.0
5124.0	8737.0
5124.0	27874.0
5124.0	47683.0
5124.0	11237.0
5124.0	11825.0
5124.0	5705.0
5124.0	7338.0
5124.0	8981.0
5124.0	16912.0
5124.0	17041.0
5124.0	53683.0
5124.0	106804.0
5124.0	21171.0
5124.0	52129.0
5124.0	6970.0
5124.0	22046.0
5124.0	54431.0
5125.0	14651.0
5133.0	56882.0
5139.0	115466.0
5144.0	76440.0
44548.0	80465.0
44548.0	104130.0
44548.0	44548.0
44548.0	49738.0
44548.0	56926.0
103453.0	111783.0
44552.0	48321.0
44552.0	48947.0
5183.0	28200.0
5183.0	74385.0
5183.0	58463.0
5186.0	20623.0
5190.0	5900.0
5190.0	5190.0
5202.0	22921.0
5202.0	13178.0
5206.0	22200.0
5208.0	22200.0
5209.0	99714.0
5209.0	15918.0
5209.0	110159.0
5209.0	19449.0
5209.0	102299.0
5209.0	15006.0
5223.0	97923.0
5223.0	111269.0
5223.0	21837.0
37993.0	103094.0
38000.0	41693.0
5244.0	39952.0
38017.0	39732.0
38022.0	98298.0
5262.0	53697.0
5262.0	52932.0
5262.0	53706.0
5262.0	75518.0
5262.0	17551.0
5262.0	52756.0
5262.0	54462.0
5262.0	12410.0
5262.0	27838.0
5268.0	84624.0
5268.0	26459.0
5268.0	16916.0
5269.0	7505.0
5269.0	22689.0
5271.0	58476.0
5271.0	17581.0
5271.0	13178.0
5271.0	59405.0
5271.0	55701.0
5271.0	110294.0
5271.0	59322.0
5271.0	8477.0
5275.0	13549.0
5302.0	72385.0
5302.0	22046.0
5318.0	47106.0
104655.0	105580.0
5371.0	43236.0
5371.0	8974.0
5371.0	37615.0
5371.0	33175.0
5371.0	37284.0
5371.0	108862.0
5371.0	36031.0
38142.0	47408.0
5381.0	85362.0
5384.0	88904.0
5384.0	11098.0
5384.0	56286.0
38161.0	38397.0
38161.0	38398.0
5396.0	118031.0
5399.0	63274.0
5399.0	8340.0
5408.0	64478.0
5410.0	14537.0
5410.0	25727.0
5416.0	98020.0
5416.0	120101.0
5416.0	98856.0
5416.0	11274.0
5416.0	98998.0
5416.0	50830.0
5416.0	14607.0
5416.0	59726.0
5416.0	22198.0
5416.0	17630.0
5429.0	49693.0
5429.0	65415.0
115595.0	125878.0
5460.0	18500.0
5460.0	87069.0
5462.0	11784.0
38247.0	50830.0
38249.0	111364.0
38249.0	43236.0
5487.0	6698.0
5487.0	60362.0
5488.0	72642.0
5489.0	110294.0
38261.0	41724.0
38265.0	60210.0
5498.0	13856.0
5498.0	73761.0
5498.0	72716.0
5502.0	76610.0
38277.0	41900.0
38277.0	107282.0
38277.0	110259.0
38277.0	38572.0
33687.0	41660.0
38292.0	47408.0
5534.0	29112.0
38307.0	111364.0
38312.0	106478.0
5548.0	23076.0
5548.0	90575.0
5548.0	37201.0
5548.0	107282.0
5548.0	49875.0
5548.0	28118.0
5548.0	111332.0
5548.0	45754.0
5548.0	65180.0
38328.0	92381.0
38329.0	107282.0
38329.0	41900.0
104130.0	108837.0
38336.0	42202.0
38336.0	43771.0
5570.0	5998.0
5583.0	10786.0
5583.0	15686.0
5583.0	6002.0
5583.0	27951.0
5583.0	20658.0
5583.0	9269.0
5583.0	44823.0
5583.0	12218.0
38353.0	47155.0
38363.0	42270.0
5604.0	17392.0
38376.0	119913.0
38376.0	122124.0
5609.0	110294.0
44626.0	46347.0
5619.0	54078.0
5624.0	65537.0
5624.0	18501.0
5624.0	53286.0
5624.0	8737.0
5624.0	9480.0
5624.0	5961.0
5624.0	19339.0
5624.0	25710.0
5624.0	39729.0
5624.0	18642.0
5624.0	14870.0
5624.0	104953.0
5624.0	20632.0
5624.0	27961.0
5624.0	12316.0
5624.0	7064.0
5633.0	56882.0
5633.0	23500.0
38402.0	47155.0
5641.0	13569.0
5641.0	74722.0
5641.0	12026.0
5641.0	84581.0
5641.0	59322.0
5655.0	59506.0
5655.0	14051.0
5655.0	57157.0
5658.0	66714.0
5658.0	6647.0
5658.0	20743.0
38427.0	40917.0
5664.0	11237.0
5679.0	22046.0
38453.0	72461.0
112576.0	113704.0
5705.0	13220.0
5705.0	24199.0
5705.0	9480.0
5705.0	19338.0
5705.0	72716.0
5705.0	15122.0
5705.0	21171.0
5705.0	27961.0
5705.0	20632.0
5705.0	23193.0
5705.0	7338.0
5705.0	22046.0
5715.0	78856.0
38484.0	92381.0
5728.0	78856.0
5728.0	28844.0
5728.0	13220.0
5728.0	69241.0
5731.0	31495.0
5738.0	15153.0
5738.0	8508.0
5739.0	30681.0
5739.0	57155.0
5739.0	55639.0
38509.0	95963.0
38509.0	95013.0
38509.0	87030.0
38509.0	95789.0
38521.0	125877.0
38524.0	38612.0
38524.0	38613.0
38524.0	38559.0
5765.0	19348.0
38545.0	44939.0
5780.0	78050.0
5780.0	24287.0
33734.0	107280.0
5809.0	28627.0
38580.0	40153.0
5816.0	72385.0
5816.0	57931.0
5816.0	58255.0
5816.0	16147.0
5816.0	17300.0
5816.0	8983.0
5816.0	19290.0
5816.0	66781.0
5816.0	73887.0
5833.0	105818.0
5833.0	57101.0
5843.0	22844.0
5852.0	8934.0
38631.0	49029.0
71405.0	102172.0
38646.0	91089.0
38646.0	102299.0
38646.0	110159.0
5900.0	30681.0
5900.0	6222.0
5900.0	11161.0
38670.0	45202.0
38670.0	73019.0
38700.0	48850.0
5933.0	59322.0
5944.0	26459.0
5961.0	5980.0
5961.0	6263.0
38732.0	111096.0
38732.0	48621.0
5972.0	97923.0
5972.0	5972.0
5972.0	6342.0
5980.0	18501.0
5980.0	24199.0
5980.0	61843.0
5980.0	25710.0
5980.0	18642.0
5980.0	64723.0
5980.0	18677.0
5980.0	18358.0
5980.0	27961.0
5980.0	50203.0
5980.0	24030.0
5980.0	28581.0
5984.0	11937.0
5984.0	20837.0
5984.0	103494.0
5984.0	19449.0
5984.0	12530.0
5984.0	10762.0
5984.0	7373.0
5984.0	82542.0
5984.0	17039.0
5984.0	20240.0
5984.0	24049.0
5984.0	11826.0
5984.0	12560.0
5984.0	11125.0
5984.0	69494.0
5984.0	6647.0
5984.0	11161.0
5984.0	105818.0
5984.0	106875.0
5984.0	104508.0
5984.0	79077.0
104290.0	110159.0
38755.0	46530.0
5991.0	54028.0
5991.0	20254.0
5991.0	103494.0
5993.0	28249.0
5993.0	12026.0
5993.0	122827.0
5998.0	16032.0
5998.0	84840.0
5998.0	6219.0
5998.0	110159.0
6001.0	78050.0
6002.0	9269.0
6002.0	43006.0
38772.0	43005.0
6006.0	101092.0
93845.0	98298.0
38787.0	107280.0
38792.0	108837.0
6033.0	99161.0
6035.0	20408.0
6035.0	8806.0
6035.0	76375.0
6037.0	17392.0
6037.0	52017.0
6037.0	22682.0
6037.0	77079.0
6047.0	78050.0
104368.0	119081.0
6067.0	55148.0
6068.0	60401.0
6068.0	47683.0
6068.0	17581.0
6076.0	75518.0
38845.0	44049.0
104390.0	119490.0
38866.0	47604.0
6122.0	55166.0
6122.0	10863.0
6130.0	45282.0
6130.0	6803.0
6130.0	33484.0
6130.0	35026.0
6130.0	38461.0
6151.0	76180.0
6151.0	61580.0
6151.0	40917.0
38923.0	69268.0
6163.0	53437.0
6163.0	51343.0
6172.0	20198.0
38980.0	42932.0
38981.0	49738.0
38981.0	41900.0
38987.0	40992.0
38990.0	43233.0
6223.0	66820.0
6223.0	14564.0
6223.0	15175.0
6223.0	63274.0
6223.0	57931.0
6223.0	58255.0
6223.0	20623.0
6223.0	8376.0
6223.0	76440.0
6223.0	54212.0
6223.0	14651.0
6223.0	24030.0
6238.0	58182.0
6238.0	17039.0
119141.0	121105.0
71807.0	75181.0
71807.0	113567.0
6284.0	15568.0
6284.0	86370.0
6284.0	26467.0
6284.0	20743.0
6284.0	123242.0
6284.0	17581.0
6284.0	21742.0
6284.0	46733.0
6284.0	22448.0
6287.0	65415.0
39056.0	40802.0
39056.0	40973.0
39056.0	42286.0
39056.0	39571.0
39056.0	40789.0
39056.0	40787.0
39056.0	40795.0
6293.0	107893.0
88433.0	97189.0
6346.0	111783.0
6350.0	10408.0
6351.0	101931.0
33827.0	47473.0
33827.0	37335.0
39138.0	45724.0
6392.0	8934.0
39177.0	49875.0
6413.0	65537.0
6422.0	78856.0
6422.0	16787.0
6422.0	77847.0
6425.0	39998.0
39216.0	107280.0
6464.0	111096.0
6466.0	15320.0
6466.0	54290.0
6466.0	22639.0
6475.0	6475.0
6490.0	26601.0
6492.0	39188.0
33850.0	37201.0
33850.0	37756.0
39280.0	48762.0
39284.0	40992.0
39301.0	58730.0
39301.0	55875.0
39304.0	45724.0
6563.0	12835.0
6572.0	14537.0
72129.0	103377.0
72129.0	100285.0
6608.0	9744.0
6614.0	111584.0
6617.0	61075.0
6640.0	106929.0
6643.0	45125.0
6647.0	7446.0
6647.0	82542.0
6647.0	7086.0
6647.0	7126.0
6647.0	11445.0
6649.0	60401.0
6649.0	45282.0
6649.0	71618.0
6649.0	81639.0
6655.0	27698.0
104968.0	110259.0
6698.0	11629.0
6698.0	11349.0
6701.0	27740.0
39473.0	46997.0
72116.0	85330.0
6715.0	7380.0
6719.0	72716.0
6719.0	60434.0
6719.0	103494.0
6719.0	117613.0
6719.0	48774.0
6722.0	93349.0
6748.0	27546.0
6748.0	36286.0
6750.0	63374.0
6752.0	10155.0
6752.0	20254.0
6753.0	9744.0
6760.0	14607.0
39542.0	39542.0
39542.0	41439.0
6775.0	67704.0
39564.0	69268.0
6807.0	64060.0
39604.0	49312.0
39605.0	49312.0
72374.0	82311.0
39610.0	49312.0
39612.0	49312.0
39633.0	41228.0
39642.0	112246.0
39648.0	101370.0
39648.0	68749.0
6881.0	63274.0
6914.0	6914.0
6917.0	76557.0
6927.0	26487.0
6930.0	81658.0
6932.0	14537.0
6932.0	25727.0
6932.0	24293.0
6932.0	110719.0
39717.0	42559.0
39723.0	47273.0
6958.0	25129.0
6958.0	19003.0
6958.0	17581.0
6967.0	88904.0
6967.0	26114.0
6970.0	26458.0
6972.0	24194.0
6972.0	24731.0
6972.0	48774.0
6972.0	49032.0
6972.0	106090.0
6972.0	48651.0
6972.0	43163.0
39742.0	43236.0
6977.0	20681.0
39748.0	43005.0
39755.0	40992.0
6988.0	17282.0
6992.0	49029.0
6992.0	92111.0
39781.0	39952.0
7019.0	8996.0
72567.0	110159.0
39802.0	41724.0
7042.0	65064.0
7042.0	64458.0
7042.0	62932.0
39820.0	45754.0
7055.0	11840.0
7061.0	13220.0
7064.0	18642.0
7064.0	19339.0
7064.0	24199.0
7066.0	58352.0
66714.0	71319.0
39838.0	50784.0
39860.0	42571.0
39860.0	39860.0
7097.0	25826.0
85345.0	106028.0
7124.0	17770.0
39898.0	52880.0
39900.0	106090.0
39900.0	48774.0
7135.0	23744.0
7135.0	14872.0
7135.0	38580.0
7135.0	20198.0
7135.0	10456.0
39905.0	104856.0
39918.0	50516.0
39952.0	101985.0
39952.0	89154.0
39952.0	105413.0
39952.0	101483.0
39952.0	101485.0
39952.0	100473.0
39952.0	42046.0
39963.0	47331.0
7197.0	84718.0
7197.0	56335.0
7197.0	64407.0
7197.0	58520.0
7197.0	57084.0
7197.0	18815.0
39976.0	45154.0
7227.0	18183.0
39998.0	58259.0
7237.0	16089.0
7248.0	29839.0
7255.0	103810.0
115898.0	117415.0
7281.0	13457.0
7281.0	7281.0
7281.0	11970.0
7281.0	9355.0
7281.0	9353.0
7284.0	20623.0
7294.0	58112.0
7294.0	12548.0
7294.0	27526.0
42797.0	48951.0
7338.0	109851.0
7338.0	53683.0
7338.0	106804.0
7338.0	8981.0
7338.0	7567.0
40107.0	48651.0
7352.0	60434.0
7352.0	26682.0
7373.0	56960.0
7373.0	55106.0
7373.0	8613.0
7373.0	8934.0
7373.0	44823.0
40144.0	42836.0
7377.0	22306.0
7379.0	39729.0
40152.0	119081.0
40155.0	48281.0
40156.0	43236.0
66768.0	69813.0
7401.0	58335.0
7408.0	76375.0
40188.0	45483.0
40188.0	75316.0
7423.0	61372.0
40197.0	41651.0
7434.0	17300.0
7434.0	27526.0
7434.0	9119.0
7440.0	7949.0
7445.0	72804.0
7446.0	24049.0
81229.0	98671.0
7470.0	67704.0
7470.0	72642.0
7470.0	16842.0
66781.0	105715.0
66781.0	98127.0
40244.0	54078.0
7477.0	62014.0
40259.0	47473.0
40259.0	110581.0
40262.0	41724.0
7505.0	22689.0
7505.0	58882.0
7505.0	55883.0
7505.0	58476.0
7505.0	58007.0
7505.0	40317.0
7566.0	9408.0
7566.0	22448.0
7567.0	47683.0
7567.0	111389.0
7567.0	21171.0
40364.0	106543.0
7600.0	60001.0
7615.0	49029.0
7615.0	45671.0
105956.0	111451.0
40437.0	69268.0
7676.0	15153.0
7676.0	74394.0
7676.0	13162.0
7692.0	16912.0
7692.0	8737.0
7692.0	18213.0
7692.0	16342.0
7693.0	26230.0
40464.0	49029.0
7702.0	30561.0
7702.0	37284.0
7702.0	43236.0
7702.0	30420.0
7702.0	28953.0
7702.0	9722.0
7702.0	34011.0
7702.0	30942.0
7709.0	45282.0
7710.0	9053.0
7710.0	16342.0
7725.0	111364.0
7729.0	38524.0
7729.0	99039.0
40503.0	40503.0
40503.0	43735.0
40506.0	48083.0
40526.0	46347.0
40526.0	111687.0
110522.0	113877.0
40549.0	60434.0
40563.0	46620.0
106108.0	106929.0
7810.0	18050.0
7818.0	12952.0
7818.0	18609.0
7818.0	9116.0
115991.0	117333.0
115991.0	117415.0
7823.0	14664.0
7823.0	23941.0
7823.0	18957.0
7828.0	11786.0
7828.0	7828.0
7828.0	11814.0
7828.0	10663.0
40597.0	47604.0
7845.0	48313.0
40615.0	61077.0
7878.0	76375.0
7898.0	21840.0
7898.0	24369.0
7898.0	22639.0
7898.0	70285.0
7898.0	24199.0
7899.0	64139.0
7912.0	8376.0
40700.0	60401.0
7934.0	106929.0
7934.0	26748.0
7934.0	28028.0
7934.0	28249.0
7934.0	70343.0
40707.0	111096.0
116012.0	116586.0
7949.0	9647.0
7949.0	13063.0
7950.0	66714.0
7953.0	15320.0
7953.0	125297.0
7953.0	73020.0
7953.0	72374.0
7953.0	13887.0
7959.0	15627.0
7964.0	8000.0
7964.0	8737.0
7964.0	8627.0
40733.0	49029.0
40748.0	42474.0
7986.0	24194.0
7986.0	73132.0
7986.0	70618.0
7986.0	14607.0
40763.0	63274.0
8000.0	23768.0
8000.0	18213.0
8000.0	24199.0
8001.0	25216.0
8003.0	25216.0
8006.0	25216.0
40780.0	42739.0
8015.0	93349.0
40796.0	49738.0
6800.0	25405.0
40808.0	51249.0
46317.0	48947.0
6803.0	37922.0
6803.0	7380.0
6803.0	21357.0
8054.0	18596.0
40825.0	47604.0
8065.0	26244.0
8065.0	14607.0
40835.0	45345.0
73604.0	73604.0
73604.0	73686.0
40842.0	45328.0
73616.0	111107.0
1348.0	10762.0
8103.0	31376.0
8103.0	29333.0
8103.0	40982.0
81014.0	108589.0
8127.0	11276.0
8127.0	8127.0
40908.0	42312.0
40909.0	42312.0
34126.0	46831.0
8150.0	19758.0
40923.0	41724.0
40942.0	47052.0
6826.0	18213.0
40971.0	107280.0
8206.0	12316.0
40992.0	40992.0
40996.0	110988.0
8235.0	37277.0
8245.0	8477.0
115932.0	124638.0
73793.0	124950.0
73793.0	122623.0
8259.0	101890.0
8259.0	18183.0
8276.0	18050.0
8302.0	16912.0
8302.0	111389.0
8303.0	8737.0
5732.0	10408.0
41080.0	111332.0
8340.0	55574.0
8340.0	15974.0
8340.0	54326.0
8340.0	55253.0
8353.0	26459.0
8359.0	41900.0
8359.0	14805.0
8359.0	110581.0
8367.0	16405.0
8376.0	83945.0
8376.0	86734.0
8376.0	84038.0
41149.0	121285.0
8395.0	28480.0
8395.0	68844.0
8395.0	109851.0
8395.0	72804.0
8395.0	8477.0
8429.0	66713.0
8429.0	21027.0
8429.0	50437.0
8439.0	18869.0
8439.0	19073.0
8439.0	33596.0
8439.0	11869.0
8439.0	33407.0
8448.0	57619.0
41227.0	50203.0
8477.0	9216.0
8477.0	10089.0
8477.0	11772.0
8477.0	12900.0
8477.0	10637.0
8478.0	22722.0
6886.0	60001.0
6886.0	51875.0
6886.0	12519.0
6886.0	62251.0
6886.0	76593.0
6886.0	53306.0
6886.0	51709.0
8559.0	20695.0
8560.0	50307.0
8560.0	72100.0
8585.0	48236.0
41360.0	48083.0
8594.0	14051.0
8594.0	72863.0
8594.0	25197.0
8594.0	66789.0
102853.0	105865.0
74160.0	76610.0
106929.0	107480.0
106929.0	107479.0
106929.0	111269.0
106929.0	111551.0
106929.0	108175.0
8627.0	57931.0
8627.0	73887.0
41408.0	43233.0
41415.0	66789.0
83214.0	98298.0
8689.0	19414.0
8689.0	11270.0
8689.0	21919.0
41486.0	111687.0
116141.0	116160.0
8720.0	15627.0
41493.0	107280.0
41497.0	107280.0
8735.0	76529.0
8735.0	21562.0
8735.0	76532.0
8735.0	77534.0
8735.0	74044.0
8737.0	51406.0
8737.0	51917.0
8737.0	14510.0
8737.0	20687.0
8737.0	16912.0
8737.0	51249.0
8737.0	52980.0
8737.0	70709.0
8737.0	12567.0
41522.0	49121.0
41522.0	48965.0
8761.0	109851.0
8761.0	10404.0
8761.0	40808.0
8761.0	10155.0
8761.0	16111.0
8761.0	19003.0
8761.0	26205.0
8769.0	39952.0
8769.0	16210.0
8782.0	16342.0
8783.0	111328.0
41554.0	104655.0
41559.0	42836.0
74328.0	74328.0
74328.0	90282.0
74328.0	93562.0
41562.0	43005.0
8802.0	20681.0
8803.0	20681.0
8803.0	99161.0
8806.0	10456.0
8806.0	9803.0
8806.0	10996.0
8806.0	10995.0
8806.0	11279.0
8816.0	58352.0
74394.0	74394.0
8862.0	15006.0
8868.0	102853.0
8874.0	16405.0
8874.0	13887.0
8880.0	86370.0
41651.0	42681.0
41651.0	48651.0
41651.0	42988.0
8888.0	21408.0
8888.0	33668.0
8888.0	26230.0
8888.0	18183.0
8890.0	11725.0
41666.0	43233.0
8901.0	27699.0
8906.0	77411.0
8918.0	12252.0
8922.0	81750.0
8923.0	25699.0
8923.0	36996.0
8923.0	108837.0
8923.0	41034.0
8923.0	34667.0
8923.0	32620.0
8923.0	34670.0
8923.0	30704.0
8923.0	38417.0
8923.0	33110.0
8923.0	8923.0
8923.0	17630.0
8933.0	103037.0
8934.0	55106.0
8934.0	71923.0
8934.0	55003.0
41710.0	107280.0
8950.0	21027.0
41724.0	41724.0
74503.0	96066.0
8974.0	32128.0
8974.0	31504.0
8974.0	31505.0
23341.0	65064.0
23341.0	28249.0
23341.0	81658.0
23341.0	26748.0
8983.0	47074.0
8983.0	53286.0
8983.0	59679.0
41752.0	47559.0
9004.0	16912.0
41773.0	49121.0
41773.0	106090.0
41773.0	48651.0
9013.0	18000.0
6964.0	94276.0
6964.0	88839.0
6964.0	91469.0
6964.0	28974.0
6964.0	92973.0
6964.0	90964.0
41788.0	45528.0
41788.0	73019.0
9042.0	62932.0
9042.0	16342.0
41813.0	45531.0
41817.0	46530.0
9053.0	23728.0
9060.0	60001.0
9060.0	12724.0
9060.0	76593.0
9060.0	12519.0
9064.0	15568.0
9064.0	21742.0
9064.0	69478.0
9067.0	24194.0
9071.0	27712.0
9071.0	110159.0
9081.0	45483.0
9081.0	92381.0
9081.0	31607.0
41878.0	42559.0
82138.0	100856.0
9119.0	100275.0
9127.0	84520.0
9128.0	84520.0
41900.0	44548.0
41900.0	71756.0
41900.0	43236.0
9139.0	52522.0
9139.0	53124.0
9139.0	53207.0
9158.0	82887.0
41929.0	50516.0
9168.0	27546.0
9170.0	18050.0
9179.0	69201.0
9179.0	19003.0
74722.0	76130.0
74722.0	76511.0
9200.0	18000.0
1534.0	11786.0
1534.0	72716.0
9209.0	11784.0
9209.0	26114.0
9209.0	27795.0
9209.0	70973.0
9214.0	43771.0
9214.0	73132.0
9214.0	14607.0
9214.0	35509.0
9214.0	70618.0
9214.0	24731.0
9236.0	10618.0
94383.0	106478.0
9254.0	9408.0
1544.0	5816.0
1544.0	52066.0
1544.0	3773.0
9275.0	18183.0
42046.0	47473.0
9303.0	27656.0
9303.0	47899.0
42080.0	45345.0
9336.0	45282.0
9343.0	15424.0
45248.0	48321.0
42152.0	50658.0
9395.0	77847.0
9397.0	77847.0
9408.0	9523.0
9408.0	24293.0
9408.0	110719.0
9409.0	17039.0
42186.0	47331.0
42194.0	44548.0
42194.0	71756.0
42211.0	111332.0
9451.0	22844.0
9453.0	69348.0
9453.0	20710.0
9455.0	111783.0
107782.0	114874.0
9480.0	53888.0
9480.0	14180.0
9480.0	39729.0
9480.0	53745.0
9480.0	15122.0
9480.0	52595.0
9484.0	86370.0
9484.0	26467.0
9484.0	20645.0
9484.0	17678.0
9490.0	42384.0
9490.0	24194.0
9490.0	110581.0
9502.0	17581.0
42277.0	48762.0
42281.0	110988.0
42283.0	49755.0
42284.0	47559.0
9523.0	84718.0
9523.0	18815.0
9539.0	66781.0
9539.0	69813.0
42312.0	101370.0
9553.0	77847.0
6865.0	9053.0
9564.0	38509.0
42335.0	48774.0
42340.0	45724.0
42373.0	48321.0
9615.0	59777.0
9615.0	57605.0
9615.0	54342.0
9615.0	53515.0
9615.0	17650.0
9615.0	59187.0
9615.0	51700.0
9615.0	57111.0
9615.0	57496.0
9615.0	57819.0
9615.0	11134.0
9615.0	59781.0
42384.0	46347.0
9624.0	23173.0
9624.0	19134.0
9624.0	22639.0
9627.0	106829.0
107936.0	111451.0
9638.0	26459.0
116296.0	121560.0
9652.0	21562.0
9652.0	10155.0
9652.0	20254.0
9691.0	33760.0
9691.0	30053.0
9691.0	45289.0
9691.0	96074.0
9691.0	72461.0
9691.0	101370.0
43968.0	46347.0
42471.0	96328.0
42471.0	104655.0
42474.0	42474.0
42474.0	44548.0
42474.0	59621.0
9722.0	38980.0
9722.0	43236.0
9722.0	98639.0
9722.0	37284.0
9722.0	37615.0
9729.0	16210.0
56236.0	64180.0
9744.0	13012.0
9744.0	9938.0
9744.0	9940.0
9744.0	9934.0
42514.0	49312.0
42515.0	49312.0
1625.0	24194.0
1625.0	78856.0
1625.0	122827.0
1625.0	17039.0
1625.0	55792.0
1625.0	40808.0
1625.0	88019.0
1625.0	67928.0
1625.0	26458.0
1625.0	22639.0
9767.0	18042.0
9767.0	18500.0
9767.0	81750.0
9772.0	26963.0
9772.0	16342.0
9773.0	18500.0
75316.0	76536.0
75316.0	76711.0
42554.0	55423.0
9794.0	14664.0
9794.0	23173.0
9794.0	19134.0
9794.0	22639.0
9801.0	111584.0
9801.0	96252.0
9801.0	38773.0
9803.0	102299.0
9803.0	110677.0
9804.0	24293.0
9804.0	110719.0
9806.0	122753.0
9806.0	14051.0
9806.0	25925.0
9806.0	69002.0
9806.0	17041.0
9806.0	51700.0
9806.0	12887.0
9806.0	72863.0
9806.0	57157.0
45328.0	47009.0
45328.0	45620.0
45328.0	46463.0
9830.0	18183.0
9849.0	61075.0
9862.0	107969.0
9867.0	52480.0
9867.0	16912.0
9867.0	100334.0
9887.0	72098.0
9887.0	26438.0
34420.0	40064.0
42682.0	43662.0
9915.0	22448.0
9915.0	71618.0
9915.0	12716.0
9915.0	21586.0
42722.0	101044.0
9974.0	23744.0
9974.0	14872.0
9974.0	38580.0
9974.0	40152.0
9974.0	10456.0
10001.0	106829.0
42770.0	85032.0
42770.0	95921.0
42770.0	98023.0
7130.0	98057.0
10017.0	14607.0
42788.0	48651.0
10029.0	66714.0
116363.0	121560.0
10062.0	66820.0
10063.0	27740.0
10064.0	72129.0
42836.0	106543.0
10100.0	58520.0
10100.0	14150.0
10100.0	16454.0
10100.0	12950.0
10100.0	10109.0
42872.0	43005.0
10105.0	109216.0
10109.0	13648.0
10109.0	59089.0
10109.0	77442.0
10109.0	76758.0
10109.0	77439.0
10114.0	21027.0
42883.0	43233.0
10142.0	38402.0
10142.0	36155.0
10142.0	41693.0
56304.0	58365.0
10155.0	87272.0
10155.0	94570.0
10156.0	15568.0
10156.0	72777.0
10156.0	67373.0
10156.0	27159.0
10164.0	24194.0
42933.0	48774.0
42949.0	72100.0
10188.0	18213.0
10188.0	15006.0
10191.0	37756.0
10191.0	24199.0
10199.0	24321.0
10202.0	109851.0
10202.0	47683.0
10202.0	21171.0
10202.0	22174.0
10203.0	57619.0
10203.0	17039.0
10203.0	75181.0
10203.0	11326.0
10203.0	20743.0
10216.0	23173.0
10216.0	19134.0
10222.0	62014.0
43011.0	48621.0
43028.0	43233.0
108599.0	112246.0
43067.0	43905.0
108609.0	113717.0
10317.0	93349.0
108626.0	108837.0
10329.0	15431.0
7183.0	22446.0
10367.0	14537.0
10387.0	25826.0
10387.0	81658.0
10387.0	99039.0
43163.0	49121.0
43163.0	106090.0
43163.0	48774.0
75932.0	111680.0
10404.0	21562.0
10404.0	20254.0
10404.0	20263.0
108732.0	111451.0
43217.0	47052.0
10456.0	20408.0
10456.0	16842.0
10456.0	76375.0
75997.0	76610.0
10464.0	44987.0
10464.0	21840.0
10464.0	107571.0
10464.0	49029.0
10464.0	45671.0
43235.0	101044.0
43236.0	88282.0
43236.0	94941.0
43236.0	88910.0
43236.0	89701.0
52723.0	58463.0
43269.0	73019.0
76051.0	114802.0
10517.0	15431.0
10520.0	14150.0
43323.0	110988.0
10560.0	125297.0
43341.0	99039.0
10574.0	22722.0
43357.0	85696.0
43357.0	81827.0
43357.0	48555.0
43357.0	86516.0
43357.0	81178.0
43357.0	84894.0
10602.0	27698.0
10602.0	72863.0
10605.0	16112.0
10613.0	17770.0
10615.0	72315.0
10615.0	20695.0
10618.0	10872.0
10618.0	26929.0
10618.0	40563.0
10618.0	22053.0
10618.0	22198.0
76178.0	102299.0
43421.0	48621.0
10672.0	25129.0
10672.0	19134.0
10680.0	20681.0
76223.0	104200.0
10692.0	26231.0
10697.0	103810.0
10705.0	25216.0
10722.0	74328.0
10722.0	35996.0
10740.0	99714.0
10740.0	13799.0
10762.0	92672.0
43531.0	64139.0
43531.0	61367.0
10765.0	11279.0
109071.0	110216.0
10772.0	39729.0
10772.0	48313.0
10779.0	17300.0
10786.0	37201.0
10786.0	25826.0
10786.0	33668.0
43567.0	83048.0
10804.0	26114.0
10805.0	103810.0
45492.0	47331.0
44005.0	49032.0
10872.0	71872.0
10872.0	76297.0
10872.0	81893.0
10872.0	62014.0
10877.0	26438.0
10880.0	21434.0
10880.0	14636.0
10880.0	104526.0
10880.0	16694.0
10880.0	18095.0
61466.0	72804.0
10899.0	60001.0
10899.0	64180.0
10931.0	84264.0
10931.0	29107.0
10931.0	37284.0
10934.0	20681.0
10945.0	67704.0
61899.0	66417.0
10948.0	15153.0
10948.0	25890.0
10977.0	53084.0
10977.0	52932.0
10977.0	52623.0
10980.0	66956.0
43787.0	121036.0
11034.0	14872.0
83764.0	88848.0
76604.0	77895.0
11070.0	111680.0
11070.0	18042.0
11072.0	17581.0
76610.0	76728.0
76610.0	76729.0
76610.0	76610.0
11098.0	17336.0
11098.0	26114.0
11098.0	17531.0
11098.0	11098.0
11098.0	11902.0
11108.0	17929.0
43882.0	63374.0
11125.0	53897.0
11125.0	55620.0
11125.0	81750.0
11125.0	55569.0
11134.0	15153.0
11134.0	109851.0
11137.0	104267.0
11149.0	81750.0
11153.0	14537.0
11154.0	68479.0
11156.0	14537.0
11158.0	14123.0
11160.0	93906.0
11168.0	74594.0
11168.0	74595.0
11168.0	74596.0
11168.0	75373.0
11168.0	75154.0
11168.0	77847.0
43937.0	98114.0
11179.0	14150.0
11179.0	84718.0
11179.0	18815.0
83785.0	100856.0
11193.0	45282.0
11199.0	61235.0
43970.0	43970.0
11220.0	12887.0
11234.0	125297.0
11248.0	13162.0
11248.0	74394.0
11248.0	14150.0
11248.0	24111.0
11252.0	65066.0
11252.0	78431.0
44021.0	64139.0
11257.0	103037.0
11266.0	104856.0
11270.0	14636.0
11270.0	78349.0
11270.0	17039.0
11270.0	17777.0
11270.0	57619.0
11270.0	39998.0
11274.0	32833.0
11274.0	31236.0
11274.0	55622.0
11274.0	54279.0
11274.0	11274.0
11274.0	81292.0
11274.0	25295.0
11274.0	85362.0
11277.0	84520.0
11279.0	61372.0
11279.0	70343.0
11291.0	103494.0
11296.0	47683.0
76843.0	96691.0
76844.0	96691.0
44092.0	104189.0
11326.0	11884.0
11326.0	64478.0
11328.0	20681.0
11341.0	27740.0
61967.0	106929.0
11380.0	22921.0
11380.0	69348.0
11380.0	104526.0
11381.0	60728.0
11388.0	108018.0
11388.0	39860.0
76925.0	78966.0
11396.0	27699.0
11396.0	49029.0
11409.0	76297.0
11409.0	20695.0
11418.0	17126.0
44190.0	101044.0
11429.0	11786.0
44204.0	107280.0
44206.0	107280.0
44209.0	107280.0
11456.0	23768.0
11456.0	110169.0
11456.0	72116.0
11456.0	18213.0
44237.0	48965.0
11488.0	62014.0
11494.0	93349.0
44264.0	50068.0
11509.0	33760.0
11512.0	24804.0
89301.0	93718.0
11525.0	14664.0
11537.0	11784.0
11537.0	61372.0
11537.0	73604.0
11537.0	17206.0
11546.0	47683.0
89306.0	98298.0
95053.0	104926.0
11574.0	106829.0
11626.0	112468.0
11648.0	110522.0
11662.0	101611.0
44433.0	44726.0
44433.0	45671.0
77220.0	82542.0
11692.0	32267.0
11692.0	43236.0
11692.0	46405.0
11692.0	44726.0
44488.0	77411.0
1954.0	5120.0
1954.0	10762.0
1954.0	56555.0
11731.0	53851.0
11731.0	53353.0
11731.0	52842.0
11731.0	52203.0
11731.0	54393.0
11731.0	51898.0
11731.0	15707.0
117701.0	117970.0
11743.0	70709.0
11747.0	104655.0
11772.0	22448.0
11772.0	40808.0
11772.0	21586.0
11772.0	27642.0
11784.0	59916.0
11784.0	58581.0
11784.0	15103.0
11785.0	17300.0
11803.0	12724.0
11805.0	21171.0
11811.0	20331.0
11811.0	14957.0
11821.0	59425.0
11823.0	19290.0
11824.0	46347.0
11824.0	84077.0
11825.0	26097.0
11825.0	109851.0
11825.0	64407.0
11826.0	58753.0
100275.0	100275.0
11834.0	70709.0
11840.0	11840.0
11840.0	12269.0
11855.0	20681.0
11869.0	47683.0
11902.0	25216.0
11902.0	59405.0
11910.0	48313.0
87369.0	118012.0
11942.0	111584.0
44716.0	73019.0
44726.0	50640.0
44726.0	48161.0
44726.0	49227.0
44726.0	47406.0
44726.0	49222.0
44733.0	44877.0
11970.0	45345.0
11970.0	101890.0
11970.0	67862.0
11991.0	67145.0
77556.0	107893.0
44789.0	45868.0
12024.0	12724.0
12026.0	59043.0
12026.0	23236.0
12026.0	12269.0
12026.0	12562.0
12026.0	54329.0
12026.0	58649.0
44795.0	48321.0
44796.0	44939.0
101118.0	103512.0
101118.0	101118.0
44827.0	50068.0
12060.0	59512.0
44837.0	45528.0
44837.0	68915.0
12089.0	45192.0
12089.0	88361.0
12089.0	16210.0
12089.0	33711.0
12089.0	95688.0
12089.0	99986.0
12089.0	101370.0
12089.0	35965.0
12089.0	92734.0
12098.0	99161.0
44877.0	49885.0
44877.0	44877.0
44877.0	47445.0
44885.0	46347.0
12159.0	111332.0
12161.0	99714.0
12161.0	66781.0
12170.0	104026.0
12170.0	15431.0
44939.0	50296.0
12201.0	13220.0
12201.0	72716.0
12203.0	61640.0
12212.0	25826.0
44987.0	49408.0
44987.0	50684.0
12222.0	24064.0
12222.0	16842.0
12222.0	27635.0
12222.0	76375.0
12231.0	22053.0
12252.0	32002.0
12252.0	53749.0
45066.0	68915.0
12301.0	48947.0
45071.0	47052.0
12318.0	20695.0
45745.0	72100.0
12345.0	26244.0
12345.0	14607.0
45134.0	45754.0
77909.0	111680.0
12391.0	59322.0
12391.0	14039.0
34836.0	36096.0
45202.0	59304.0
45202.0	52017.0
45202.0	56312.0
45202.0	65205.0
45202.0	61562.0
12464.0	111584.0
12480.0	52868.0
78018.0	78966.0
12491.0	58384.0
12491.0	19442.0
12491.0	58267.0
12491.0	57550.0
12491.0	53503.0
45282.0	81639.0
12519.0	60001.0
12530.0	56291.0
12530.0	59621.0
12530.0	57112.0
12530.0	56601.0
12530.0	59743.0
12530.0	59717.0
12553.0	16912.0
45327.0	48850.0
12560.0	35360.0
12560.0	45202.0
12560.0	47899.0
12567.0	25826.0
12571.0	65388.0
45345.0	102037.0
12618.0	13121.0
12618.0	59506.0
12618.0	56909.0
12618.0	57518.0
45389.0	61330.0
45389.0	67862.0
12629.0	106478.0
45398.0	71872.0
45413.0	48236.0
12714.0	74328.0
45483.0	50548.0
12716.0	15320.0
12716.0	73020.0
12716.0	64679.0
45491.0	65180.0
45491.0	97923.0
45491.0	88019.0
45491.0	122827.0
12724.0	14977.0
12724.0	41788.0
12724.0	59197.0
12724.0	57231.0
45496.0	72100.0
12737.0	15431.0
12747.0	49029.0
12755.0	42202.0
12755.0	47331.0
45528.0	64544.0
45528.0	61505.0
45528.0	54523.0
45532.0	50068.0
12835.0	122827.0
12849.0	44939.0
45619.0	61843.0
45623.0	48850.0
45627.0	50068.0
12887.0	57344.0
12887.0	54041.0
12887.0	57535.0
12887.0	12900.0
12887.0	29839.0
12890.0	29620.0
12896.0	109071.0
12900.0	17041.0
12900.0	14051.0
45671.0	87901.0
45671.0	52477.0
12925.0	14872.0
12927.0	14872.0
12928.0	14872.0
84077.0	87847.0
12950.0	16342.0
12951.0	16342.0
12959.0	48040.0
12959.0	26601.0
12959.0	64139.0
12959.0	49029.0
12959.0	16405.0
111269.0	124899.0
111269.0	116391.0
118274.0	120395.0
12985.0	112931.0
12985.0	59888.0
12985.0	52978.0
12985.0	22198.0
12985.0	17180.0
12985.0	70973.0
45754.0	90361.0
2165.0	74950.0
89555.0	111783.0
13075.0	16912.0
13084.0	22725.0
112822.0	115371.0
13091.0	14664.0
13096.0	23728.0
45868.0	49704.0
45868.0	46578.0
45868.0	48164.0
45868.0	49005.0
13107.0	70709.0
78645.0	102853.0
13121.0	96074.0
13121.0	16210.0
13121.0	28581.0
78664.0	96162.0
45911.0	47724.0
13152.0	41228.0
13152.0	40917.0
45922.0	46347.0
45922.0	47052.0
13161.0	103037.0
13162.0	52068.0
13162.0	13162.0
13162.0	52077.0
13162.0	52911.0
13162.0	20658.0
13162.0	33620.0
13162.0	35740.0
34963.0	42384.0
13176.0	101611.0
78713.0	110169.0
13178.0	58649.0
13178.0	59322.0
13178.0	51516.0
13178.0	22722.0
13178.0	57967.0
13190.0	61075.0
13198.0	15982.0
13198.0	65183.0
13208.0	26168.0
13208.0	112343.0
13220.0	17098.0
13220.0	51671.0
13220.0	72716.0
13220.0	24369.0
13220.0	53781.0
13220.0	65143.0
13220.0	26779.0
13223.0	113943.0
13241.0	101611.0
13250.0	57691.0
13260.0	72642.0
13276.0	14150.0
13276.0	84718.0
13304.0	14651.0
13308.0	40357.0
13308.0	43006.0
13312.0	84581.0
13314.0	59085.0
13341.0	27526.0
13341.0	53158.0
13341.0	13341.0
78897.0	88848.0
78904.0	101623.0
13375.0	26459.0
13381.0	77847.0
34999.0	38277.0
13438.0	103810.0
116108.0	120351.0
46253.0	50068.0
46262.0	73276.0
84170.0	101623.0
13505.0	17804.0
13505.0	111389.0
13509.0	13821.0
13516.0	69494.0
46286.0	88019.0
13522.0	17180.0
13532.0	73902.0
46322.0	61843.0
13560.0	80852.0
13560.0	118476.0
13560.0	17229.0
13560.0	25685.0
13569.0	24049.0
13569.0	56070.0
73259.0	82639.0
13578.0	20240.0
13578.0	65639.0
13589.0	118031.0
13623.0	84587.0
13648.0	47473.0
13648.0	15153.0
13648.0	45671.0
78734.0	100856.0
13656.0	18142.0
13665.0	14664.0
46442.0	73276.0
13701.0	80170.0
46477.0	73276.0
46519.0	65538.0
46519.0	53269.0
46548.0	46733.0
46566.0	99039.0
13799.0	17282.0
13799.0	105639.0
13799.0	53186.0
13799.0	100624.0
13799.0	16147.0
13799.0	100630.0
13799.0	104856.0
13821.0	111328.0
13821.0	61416.0
13821.0	63922.0
13821.0	27874.0
13821.0	13821.0
13826.0	14805.0
13835.0	76375.0
13852.0	18609.0
13852.0	28118.0
13858.0	26438.0
56109.0	65143.0
112188.0	115790.0
13887.0	24380.0
13887.0	22012.0
13887.0	66253.0
13887.0	21586.0
13887.0	72374.0
13887.0	107612.0
13897.0	20623.0
79440.0	97189.0
79440.0	90662.0
13928.0	88019.0
13928.0	28332.0
46733.0	50085.0
46733.0	50086.0
46733.0	50089.0
46733.0	50090.0
46733.0	46733.0
46733.0	48785.0
46733.0	48094.0
13975.0	70343.0
79514.0	100856.0
46768.0	50068.0
14024.0	18243.0
14032.0	48040.0
14035.0	37201.0
14051.0	51560.0
14051.0	43891.0
14051.0	45491.0
14051.0	40317.0
14051.0	59407.0
46845.0	47155.0
14105.0	23941.0
14106.0	20437.0
14115.0	22198.0
14123.0	61443.0
14123.0	21438.0
46892.0	47052.0
67890.0	69813.0
112436.0	124411.0
79672.0	104200.0
46913.0	104390.0
112455.0	115148.0
14168.0	17057.0
14169.0	17057.0
14173.0	18067.0
112575.0	113704.0
35151.0	84581.0
14300.0	26487.0
14312.0	86473.0
14312.0	15122.0
14312.0	36037.0
79855.0	81893.0
47121.0	72116.0
47121.0	84581.0
47121.0	72374.0
79891.0	100856.0
81222.0	91089.0
14377.0	22403.0
14377.0	15565.0
47155.0	47155.0
14388.0	69459.0
14388.0	55997.0
14388.0	19182.0
14388.0	33927.0
95408.0	106478.0
14413.0	111680.0
14413.0	23415.0
79955.0	98298.0
14482.0	19134.0
14496.0	22844.0
14522.0	18042.0
14537.0	100998.0
14537.0	100204.0
14537.0	102427.0
14537.0	104736.0
14537.0	100774.0
14537.0	102957.0
14537.0	45491.0
14537.0	105399.0
14537.0	77368.0
14537.0	105401.0
14537.0	105402.0
14537.0	78651.0
14537.0	99916.0
14537.0	100314.0
14537.0	105186.0
14537.0	18028.0
14537.0	99951.0
14537.0	58228.0
14537.0	71925.0
14537.0	69880.0
14537.0	71294.0
14537.0	110719.0
14540.0	17120.0
14540.0	67905.0
14540.0	43891.0
14541.0	24321.0
14541.0	20645.0
47311.0	71756.0
47312.0	71756.0
14551.0	76375.0
14552.0	76375.0
14560.0	72756.0
14564.0	24030.0
14607.0	72777.0
14607.0	73132.0
14636.0	22921.0
14636.0	53004.0
14636.0	16694.0
14636.0	58921.0
14636.0	21434.0
14636.0	55997.0
14638.0	99423.0
14651.0	77163.0
14664.0	16987.0
14686.0	16000.0
47473.0	89104.0
47473.0	89154.0
14708.0	81893.0
14717.0	26097.0
80265.0	104508.0
14740.0	25826.0
14740.0	86631.0
14741.0	15175.0
14749.0	77895.0
14760.0	20645.0
14760.0	65639.0
14775.0	84840.0
14776.0	84840.0
80321.0	108589.0
14805.0	21408.0
14805.0	44548.0
14805.0	108837.0
14805.0	47559.0
14805.0	42312.0
14805.0	71756.0
14805.0	49738.0
14805.0	41900.0
14805.0	107282.0
14805.0	22097.0
14805.0	35026.0
14805.0	42739.0
14805.0	108862.0
14805.0	103094.0
14805.0	46519.0
14805.0	44371.0
14805.0	56310.0
14805.0	49755.0
14805.0	42474.0
14805.0	24158.0
14805.0	38277.0
14812.0	28499.0
14812.0	118031.0
14827.0	72716.0
14829.0	76375.0
14832.0	76375.0
113153.0	113704.0
113153.0	115790.0
14872.0	18642.0
14875.0	39188.0
121611.0	123018.0
47683.0	105656.0
47683.0	100377.0
47683.0	99779.0
47683.0	63582.0
47683.0	105086.0
47720.0	73132.0
47724.0	50068.0
14957.0	20331.0
14957.0	78068.0
14981.0	23173.0
14981.0	19134.0
15004.0	15918.0
15006.0	88648.0
15010.0	24049.0
80548.0	93318.0
15015.0	27822.0
47789.0	73132.0
47793.0	49012.0
15028.0	68659.0
47825.0	54144.0
47825.0	51093.0
47825.0	72863.0
47837.0	49012.0
15075.0	19370.0
15079.0	68659.0
15082.0	54028.0
15085.0	66714.0
15091.0	19182.0
15103.0	28200.0
15122.0	20632.0
15122.0	54693.0
15122.0	52750.0
15122.0	53031.0
15137.0	45671.0
15153.0	35073.0
15153.0	20571.0
15153.0	33638.0
15153.0	78153.0
15153.0	32267.0
15153.0	76780.0
15153.0	32748.0
15153.0	36558.0
15153.0	54316.0
15153.0	29333.0
15153.0	28118.0
15153.0	34127.0
15153.0	30684.0
15153.0	31445.0
58335.0	65562.0
58335.0	59804.0
15175.0	83048.0
15175.0	91633.0
15175.0	92242.0
15186.0	87069.0
15217.0	26100.0
15223.0	22844.0
80814.0	100856.0
80830.0	98671.0
35320.0	47559.0
48083.0	48147.0
48083.0	50902.0
15320.0	19908.0
15320.0	20554.0
15320.0	17490.0
15320.0	16370.0
15320.0	17561.0
15320.0	15396.0
122704.0	124191.0
15368.0	45154.0
15368.0	98114.0
80912.0	104200.0
48157.0	48321.0
113717.0	117793.0
113717.0	118284.0
113717.0	117745.0
15416.0	32267.0
15456.0	71618.0
15456.0	27526.0
15456.0	100275.0
15456.0	16916.0
15456.0	66781.0
15456.0	19134.0
15468.0	102853.0
48244.0	70618.0
48244.0	73132.0
113785.0	115732.0
15483.0	25405.0
81022.0	81069.0
15494.0	32890.0
113811.0	115011.0
48281.0	48395.0
51741.0	59085.0
48313.0	108488.0
48313.0	52595.0
48313.0	110545.0
48313.0	108179.0
48313.0	111609.0
48313.0	55259.0
48321.0	48321.0
48321.0	50076.0
15565.0	58791.0
15565.0	22921.0
15565.0	16112.0
15565.0	59828.0
15565.0	58166.0
15565.0	57725.0
15568.0	65639.0
15579.0	66714.0
15579.0	27556.0
15579.0	70973.0
94356.0	98020.0
35369.0	37007.0
48376.0	49012.0
15612.0	66713.0
15612.0	17039.0
15614.0	39952.0
15614.0	47473.0
15614.0	37335.0
48383.0	60617.0
48383.0	59914.0
15627.0	57327.0
15627.0	25295.0
48397.0	76610.0
113937.0	123847.0
81258.0	104200.0
81261.0	104200.0
48496.0	106543.0
79080.0	108589.0
15732.0	68844.0
15759.0	37201.0
40857.0	49121.0
15795.0	80170.0
15804.0	67928.0
15809.0	25197.0
15813.0	99714.0
15813.0	79077.0
62712.0	81893.0
48621.0	99320.0
48621.0	49955.0
15867.0	106929.0
15867.0	25053.0
15867.0	111269.0
48651.0	106090.0
121645.0	123018.0
15918.0	20574.0
15918.0	20572.0
15918.0	16557.0
15918.0	15918.0
15918.0	17783.0
46347.0	46498.0
46347.0	47052.0
46347.0	46892.0
46347.0	49872.0
46347.0	49498.0
46347.0	47516.0
15962.0	26458.0
84581.0	87369.0
15974.0	22046.0
15974.0	16543.0
15982.0	65838.0
48762.0	58614.0
48762.0	100687.0
16000.0	25215.0
16004.0	68844.0
16004.0	20372.0
16004.0	78966.0
48774.0	106090.0
81544.0	91089.0
16018.0	88848.0
16018.0	117970.0
16018.0	107723.0
16018.0	41228.0
16018.0	29554.0
16021.0	81750.0
16032.0	101504.0
16032.0	99716.0
16032.0	99847.0
16032.0	104584.0
16032.0	104107.0
16032.0	103598.0
16032.0	67345.0
16032.0	28627.0
16032.0	98709.0
16032.0	100808.0
16032.0	103678.0
16032.0	55230.0
16032.0	56807.0
16032.0	103677.0
16032.0	104862.0
16056.0	110169.0
16056.0	18213.0
16068.0	40808.0
16074.0	107282.0
48850.0	50321.0
48850.0	49714.0
16089.0	27546.0
16089.0	56446.0
16089.0	56438.0
114401.0	115148.0
16111.0	62412.0
16111.0	21562.0
16111.0	63155.0
16111.0	61100.0
16111.0	62014.0
16112.0	20696.0
16112.0	56424.0
16112.0	58731.0
48885.0	101931.0
40917.0	42424.0
40917.0	44155.0
40917.0	42428.0
16147.0	50658.0
16147.0	66781.0
16158.0	81893.0
16163.0	21434.0
16167.0	22844.0
48947.0	50590.0
48947.0	48951.0
48965.0	90785.0
48965.0	48965.0
48965.0	97969.0
48965.0	89491.0
48965.0	92372.0
48965.0	88758.0
48965.0	92250.0
48965.0	96253.0
16213.0	19292.0
16221.0	26952.0
16221.0	20645.0
16236.0	26458.0
49014.0	73019.0
79167.0	81893.0
81796.0	84264.0
49032.0	107296.0
49032.0	49032.0
49032.0	49197.0
16271.0	24293.0
16271.0	110719.0
16306.0	85643.0
16306.0	20427.0
16311.0	22403.0
16338.0	56424.0
16338.0	16916.0
16338.0	59405.0
16339.0	27546.0
16342.0	17393.0
16348.0	19652.0
16348.0	20437.0
16348.0	19182.0
81893.0	82147.0
81893.0	87179.0
81893.0	82494.0
49133.0	85803.0
49133.0	80673.0
49133.0	83947.0
49133.0	85798.0
16379.0	98114.0
16379.0	28974.0
16379.0	99039.0
16382.0	50516.0
16405.0	61465.0
16405.0	58634.0
16405.0	55997.0
16405.0	16965.0
16414.0	33668.0
16414.0	28118.0
16454.0	20762.0
81996.0	123411.0
16465.0	25215.0
16482.0	20254.0
112936.0	113043.0
16524.0	69494.0
16526.0	69494.0
82076.0	104200.0
49312.0	104288.0
117446.0	119081.0
16569.0	20240.0
16583.0	108018.0
16583.0	65379.0
16619.0	51554.0
16655.0	17039.0
16673.0	112714.0
16694.0	75479.0
16694.0	18095.0
16695.0	72716.0
49478.0	112225.0
16713.0	20224.0
16713.0	123112.0
16740.0	17714.0
88940.0	116478.0
16787.0	24321.0
16787.0	63914.0
16787.0	60492.0
16787.0	28028.0
16787.0	41149.0
16787.0	63806.0
82336.0	88848.0
57414.0	72863.0
41034.0	47604.0
41034.0	44061.0
41034.0	41190.0
16842.0	88225.0
16842.0	94283.0
16842.0	88364.0
16842.0	18454.0
16846.0	64267.0
16846.0	61355.0
16846.0	61204.0
16846.0	54206.0
16846.0	39551.0
82399.0	86370.0
49648.0	100856.0
16885.0	72716.0
16890.0	24756.0
16916.0	22036.0
16916.0	50126.0
16916.0	24111.0
16935.0	22725.0
82494.0	106804.0
16959.0	24199.0
49738.0	71756.0
49738.0	105541.0
16995.0	122512.0
82533.0	106478.0
16999.0	27238.0
17039.0	17960.0
17039.0	57971.0
17039.0	23230.0
17039.0	58598.0
17041.0	27874.0
17041.0	17490.0
17041.0	76461.0
17041.0	76518.0
82583.0	98671.0
17057.0	19874.0
17057.0	18258.0
46534.0	73276.0
17074.0	18095.0
82616.0	121560.0
17086.0	61372.0
49872.0	84077.0
17107.0	84624.0
17126.0	72129.0
17126.0	60898.0
17126.0	19348.0
17126.0	28118.0
17130.0	73911.0
88971.0	103933.0
85680.0	98298.0
17180.0	56257.0
17180.0	56804.0
17180.0	58982.0
17180.0	51019.0
17180.0	57809.0
17180.0	52978.0
93318.0	95748.0
93318.0	95719.0
93318.0	96749.0
93318.0	93719.0
93318.0	94328.0
93318.0	95993.0
93318.0	96763.0
17185.0	67928.0
17188.0	63097.0
17204.0	62312.0
17204.0	19810.0
17206.0	60257.0
17206.0	74722.0
41099.0	49312.0
17228.0	42770.0
17228.0	43006.0
17229.0	52578.0
17229.0	52170.0
17229.0	19182.0
17229.0	23230.0
17234.0	67928.0
82798.0	98671.0
50031.0	101096.0
50031.0	100025.0
50031.0	103986.0
50031.0	64723.0
50031.0	104132.0
17282.0	122096.0
17300.0	94569.0
17312.0	68732.0
17336.0	69348.0
17336.0	25710.0
17355.0	17581.0
17361.0	63359.0
82923.0	98671.0
17393.0	61203.0
17393.0	111389.0
17393.0	64230.0
17435.0	24064.0
17435.0	74722.0
17435.0	111107.0
17435.0	27635.0
84826.0	101623.0
17446.0	103743.0
17454.0	18501.0
82996.0	101623.0
82997.0	91089.0
83005.0	91089.0
17490.0	64679.0
17490.0	25129.0
17490.0	87255.0
17490.0	18000.0
17490.0	21586.0
17490.0	61367.0
17490.0	27642.0
50266.0	63374.0
17501.0	38161.0
115814.0	119081.0
115827.0	121285.0
17531.0	26114.0
17561.0	18000.0
17569.0	68749.0
46620.0	48178.0
46620.0	60709.0
46620.0	56950.0
17581.0	111328.0
17581.0	63416.0
17581.0	60347.0
115906.0	117970.0
17607.0	110522.0
17613.0	22403.0
17630.0	36609.0
17630.0	101890.0
17630.0	35811.0
17630.0	108837.0
17630.0	68732.0
17630.0	36235.0
17630.0	32620.0
17630.0	35504.0
17630.0	42739.0
17630.0	34652.0
50425.0	56898.0
50437.0	50437.0
17671.0	17674.0
17674.0	78088.0
17674.0	75456.0
17674.0	19883.0
17674.0	78117.0
17678.0	65639.0
17685.0	108018.0
50457.0	73276.0
83242.0	84264.0
17708.0	18500.0
17714.0	106929.0
98792.0	111332.0
17770.0	26487.0
17777.0	78349.0
17777.0	19414.0
17804.0	26963.0
17804.0	111389.0
111888.0	121036.0
83347.0	110259.0
116118.0	125327.0
17865.0	24756.0
17865.0	20695.0
116172.0	117613.0
17873.0	72716.0
50658.0	62874.0
112211.0	113119.0
17917.0	63992.0
17917.0	87369.0
17921.0	27712.0
50696.0	99039.0
17929.0	29839.0
17929.0	65781.0
17929.0	63179.0
17929.0	60247.0
17937.0	43771.0
17937.0	73132.0
17945.0	68980.0
17945.0	66253.0
17945.0	82887.0
17947.0	65180.0
17957.0	27961.0
17963.0	65183.0
116274.0	121285.0
17979.0	84840.0
17979.0	66253.0
50751.0	54028.0
41228.0	42162.0
41228.0	42163.0
18000.0	62128.0
18000.0	26168.0
18000.0	51405.0
18000.0	20734.0
116339.0	120101.0
18050.0	24369.0
116362.0	122445.0
18067.0	27256.0
18067.0	20644.0
18067.0	119102.0
3012.0	122075.0
3012.0	16842.0
3012.0	57619.0
3012.0	42554.0
3012.0	18454.0
102077.0	107282.0
18095.0	26947.0
18095.0	47315.0
18095.0	100844.0
18095.0	99735.0
18095.0	63119.0
83636.0	104200.0
116406.0	123847.0
18142.0	18424.0
18142.0	19620.0
18142.0	18142.0
18142.0	20023.0
116449.0	121285.0
18148.0	26114.0
112256.0	115428.0
18183.0	45531.0
18183.0	68732.0
18183.0	26205.0
18190.0	58249.0
18190.0	18588.0
18213.0	18243.0
18213.0	26154.0
18213.0	59979.0
18213.0	65143.0
18213.0	110169.0
18213.0	64860.0
18213.0	55997.0
18213.0	61759.0
116520.0	122244.0
18217.0	110169.0
50987.0	97923.0
18230.0	19810.0
18230.0	20645.0
18243.0	42634.0
18243.0	39555.0
18243.0	40331.0
18243.0	49133.0
18243.0	40085.0
18257.0	73692.0
18266.0	32833.0
18266.0	43970.0
18266.0	37798.0
18266.0	35399.0
18266.0	35656.0
18266.0	28457.0
18266.0	37804.0
18266.0	21357.0
18266.0	28014.0
18266.0	18321.0
18266.0	37011.0
18266.0	37801.0
51041.0	77895.0
51042.0	91089.0
116586.0	118187.0
51053.0	115504.0
51053.0	54290.0
51053.0	115148.0
51056.0	76610.0
51083.0	90434.0
18334.0	73887.0
83872.0	96328.0
83873.0	96328.0
18360.0	109243.0
3062.0	26459.0
3062.0	20837.0
3062.0	66597.0
18383.0	72716.0
83930.0	88848.0
74065.0	75316.0
99873.0	109851.0
51194.0	97923.0
18478.0	66713.0
51249.0	77411.0
51259.0	93906.0
18500.0	18609.0
18500.0	19723.0
18500.0	20965.0
18500.0	19721.0
18501.0	64794.0
18501.0	20941.0
18523.0	23320.0
18523.0	64849.0
18523.0	42554.0
18523.0	24756.0
18528.0	18596.0
51300.0	74254.0
116841.0	117415.0
35859.0	40153.0
116857.0	121460.0
116862.0	118476.0
18572.0	25826.0
18572.0	109851.0
84136.0	100856.0
18609.0	77088.0
18609.0	75489.0
18609.0	76971.0
18609.0	78441.0
18612.0	60632.0
18612.0	64993.0
18612.0	40842.0
18612.0	60706.0
18612.0	65679.0
116917.0	117613.0
18646.0	73902.0
116957.0	122753.0
18665.0	20408.0
18677.0	36995.0
18677.0	23268.0
18677.0	40806.0
18677.0	58216.0
18677.0	56587.0
18677.0	41860.0
18677.0	57499.0
18703.0	25215.0
18704.0	65064.0
18716.0	69268.0
84264.0	84264.0
84264.0	86617.0
84264.0	87580.0
84264.0	85583.0
84292.0	104200.0
51560.0	57157.0
18794.0	25969.0
18815.0	20140.0
18815.0	56310.0
18851.0	69002.0
84402.0	91089.0
18915.0	24293.0
18915.0	110719.0
18919.0	109851.0
18919.0	111389.0
18957.0	59412.0
18957.0	59874.0
18957.0	60132.0
18957.0	55101.0
18957.0	57326.0
35930.0	104267.0
18975.0	80852.0
19003.0	61889.0
19003.0	104323.0
19003.0	53515.0
19003.0	68844.0
19003.0	59504.0
19003.0	109851.0
19003.0	62303.0
19017.0	53375.0
19018.0	122827.0
117333.0	117415.0
19034.0	111332.0
51808.0	76610.0
19053.0	68844.0
19053.0	78966.0
19056.0	68844.0
19073.0	32250.0
19073.0	43006.0
19075.0	69494.0
51850.0	57157.0
51854.0	77411.0
19091.0	21562.0
19096.0	22689.0
19096.0	108908.0
19096.0	84077.0
117415.0	118963.0
90575.0	91432.0
117477.0	124638.0
19175.0	97189.0
19179.0	26458.0
19182.0	64937.0
19182.0	111389.0
19182.0	61509.0
19182.0	65433.0
84727.0	98020.0
51961.0	67897.0
63274.0	93463.0
117515.0	123847.0
51985.0	76610.0
84784.0	92381.0
19261.0	26459.0
19307.0	26748.0
84847.0	101623.0
19332.0	112536.0
19332.0	118969.0
19334.0	87069.0
19346.0	68479.0
19346.0	46733.0
19346.0	81639.0
19348.0	20696.0
19348.0	75851.0
84918.0	108589.0
3232.0	17770.0
3232.0	31116.0
3232.0	10863.0
3232.0	15153.0
3232.0	27699.0
3232.0	55639.0
84948.0	92381.0
19414.0	70584.0
19414.0	77906.0
19414.0	74621.0
85157.0	100856.0
19430.0	25405.0
117755.0	123586.0
19458.0	109243.0
46936.0	47604.0
117794.0	121460.0
118491.0	120604.0
19518.0	33668.0
19518.0	43496.0
19518.0	45289.0
19518.0	37756.0
19518.0	90575.0
19518.0	35026.0
19518.0	46831.0
19518.0	38524.0
19534.0	24756.0
117844.0	121460.0
19541.0	39391.0
19551.0	66713.0
85105.0	98671.0
41491.0	107280.0
41492.0	107280.0
19635.0	110719.0
19636.0	104026.0
74270.0	76610.0
49755.0	108837.0
19652.0	52017.0
19652.0	63586.0
19652.0	65324.0
19652.0	63577.0
117970.0	118074.0
19716.0	46620.0
52518.0	83041.0
52518.0	83322.0
52518.0	83321.0
85293.0	101623.0
96143.0	104026.0
19810.0	25156.0
19810.0	20645.0
19810.0	122827.0
19810.0	100844.0
19810.0	19955.0
19810.0	69459.0
19810.0	20437.0
19810.0	66714.0
19810.0	26459.0
19810.0	54341.0
52579.0	101395.0
19833.0	28287.0
52612.0	57835.0
85384.0	98671.0
19863.0	110712.0
19863.0	59107.0
19863.0	77747.0
19863.0	76647.0
19873.0	48040.0
19873.0	49121.0
19873.0	48651.0
19873.0	104965.0
19873.0	48774.0
19886.0	27656.0
19908.0	22448.0
118218.0	122445.0
41550.0	45531.0
19956.0	25129.0
19968.0	68749.0
19977.0	75957.0
19977.0	102853.0
19977.0	76095.0
20026.0	110522.0
118331.0	119081.0
85573.0	101623.0
85575.0	101623.0
85576.0	101623.0
20045.0	20837.0
41571.0	43005.0
52824.0	61580.0
20062.0	26487.0
20135.0	24380.0
20135.0	25515.0
20135.0	107612.0
20140.0	67373.0
20140.0	84718.0
20140.0	45671.0
118473.0	120604.0
85727.0	98671.0
52963.0	75803.0
20198.0	57120.0
20198.0	58595.0
52978.0	107782.0
20213.0	28332.0
20217.0	110159.0
20240.0	95104.0
20240.0	97058.0
20254.0	59072.0
20254.0	21562.0
20254.0	51020.0
20255.0	111362.0
20255.0	56071.0
20255.0	84077.0
20255.0	56562.0
20255.0	58937.0
20255.0	56030.0
20263.0	58024.0
20263.0	63144.0
20263.0	65794.0
20263.0	20509.0
20265.0	66713.0
53036.0	54102.0
85808.0	101623.0
20275.0	22403.0
53053.0	59322.0
20288.0	69494.0
85854.0	98671.0
118625.0	121036.0
36155.0	36433.0
36155.0	37970.0
36155.0	43005.0
20331.0	56866.0
20331.0	57652.0
118078.0	120604.0
118646.0	123586.0
20350.0	26114.0
53130.0	54102.0
20372.0	78966.0
20380.0	81750.0
107162.0	112211.0
53174.0	67897.0
20408.0	102049.0
20408.0	57573.0
20408.0	93241.0
20428.0	46968.0
111976.0	122299.0
20489.0	104200.0
20509.0	73276.0
20509.0	70285.0
20509.0	96910.0
20515.0	68980.0
53286.0	54881.0
53286.0	53692.0
53286.0	55286.0
53286.0	53777.0
20527.0	27642.0
20532.0	68732.0
118111.0	118476.0
20571.0	42559.0
20579.0	63732.0
53356.0	55792.0
53357.0	55792.0
53358.0	106478.0
20606.0	73902.0
53375.0	55031.0
53375.0	64879.0
53385.0	111332.0
20623.0	36759.0
20632.0	27961.0
20632.0	24199.0
68337.0	69241.0
20650.0	109243.0
20658.0	48040.0
20658.0	66956.0
20658.0	33486.0
20658.0	49875.0
20658.0	70618.0
20658.0	43771.0
68980.0	73861.0
68980.0	69774.0
86202.0	98671.0
20667.0	36031.0
20670.0	24380.0
36215.0	42770.0
118989.0	121036.0
20687.0	76440.0
20687.0	78018.0
20687.0	78583.0
20695.0	62017.0
20695.0	57499.0
20695.0	44021.0
20695.0	39998.0
20696.0	77253.0
53466.0	54846.0
86255.0	96328.0
53496.0	101890.0
119041.0	121905.0
20743.0	66714.0
20743.0	23941.0
20743.0	27238.0
20743.0	21434.0
86291.0	88848.0
53537.0	57157.0
20773.0	39860.0
53564.0	59726.0
86333.0	106028.0
20804.0	25215.0
20806.0	25215.0
20808.0	23500.0
119115.0	122244.0
20825.0	26438.0
20829.0	69201.0
20837.0	57080.0
20837.0	51249.0
20837.0	58599.0
20867.0	25129.0
20867.0	21586.0
20867.0	108908.0
20867.0	61367.0
20873.0	36880.0
20873.0	39748.0
53658.0	54102.0
20891.0	44823.0
36251.0	46405.0
119210.0	124906.0
20911.0	68844.0
20965.0	27712.0
53740.0	58476.0
86528.0	105295.0
119301.0	122512.0
96343.0	102922.0
53781.0	116584.0
53781.0	81996.0
53781.0	119054.0
53781.0	117006.0
53781.0	116410.0
53781.0	116063.0
86579.0	91089.0
119360.0	120876.0
119360.0	122093.0
119377.0	122358.0
21076.0	26487.0
3516.0	78856.0
53876.0	59512.0
119423.0	119913.0
53888.0	76610.0
21126.0	23941.0
21132.0	107612.0
21144.0	57155.0
21153.0	63160.0
21153.0	62414.0
21183.0	111389.0
21184.0	40917.0
21195.0	47331.0
21195.0	113811.0
21209.0	26100.0
119531.0	120176.0
119531.0	122274.0
119531.0	121788.0
119531.0	121738.0
54028.0	56773.0
54028.0	85631.0
54050.0	63409.0
21290.0	25129.0
119605.0	120595.0
86838.0	90662.0
86839.0	90662.0
54078.0	55261.0
21329.0	72315.0
21331.0	25727.0
21357.0	43970.0
21378.0	25727.0
119702.0	122331.0
119702.0	121284.0
119702.0	120710.0
119703.0	124411.0
21408.0	28874.0
21408.0	35275.0
21408.0	36286.0
54187.0	58476.0
21434.0	25981.0
21434.0	58259.0
21434.0	23941.0
21434.0	58991.0
54212.0	73970.0
54212.0	76346.0
21451.0	49121.0
54223.0	61372.0
54235.0	97923.0
119788.0	121549.0
119788.0	119853.0
54274.0	90434.0
21511.0	78966.0
21513.0	22639.0
87075.0	121460.0
96433.0	102299.0
61821.0	87471.0
54332.0	64180.0
54338.0	115371.0
21586.0	47121.0
21586.0	54451.0
21641.0	38217.0
21674.0	113417.0
21674.0	111210.0
21674.0	117213.0
54464.0	102172.0
63695.0	108908.0
87262.0	106028.0
47313.0	71756.0
21737.0	45868.0
21742.0	31720.0
21742.0	54804.0
21742.0	60717.0
21742.0	22198.0
120057.0	122753.0
21773.0	116160.0
87362.0	98671.0
21837.0	27273.0
21837.0	26963.0
21837.0	117012.0
21840.0	64976.0
21840.0	63810.0
21840.0	60267.0
21840.0	24205.0
21840.0	50895.0
21840.0	21840.0
21840.0	61043.0
21840.0	73019.0
21840.0	25727.0
21864.0	45289.0
120186.0	122078.0
54655.0	58680.0
87435.0	96328.0
21917.0	81893.0
21919.0	26952.0
54688.0	97923.0
54693.0	76610.0
21930.0	23768.0
54737.0	55067.0
69201.0	71444.0
87531.0	101623.0
89182.0	104926.0
22012.0	22689.0
22012.0	25515.0
22012.0	47121.0
22012.0	81685.0
22012.0	72374.0
22012.0	22012.0
22038.0	57619.0
22046.0	61606.0
22046.0	62406.0
22046.0	62054.0
22046.0	61615.0
22046.0	23760.0
22046.0	58194.0
22046.0	62613.0
22046.0	66781.0
22049.0	56286.0
22053.0	48800.0
22053.0	72860.0
22053.0	72325.0
22053.0	73397.0
54830.0	99161.0
54846.0	54846.0
22081.0	22198.0
54874.0	110783.0
54901.0	99161.0
22174.0	22656.0
22174.0	28777.0
22174.0	24771.0
22174.0	28806.0
22182.0	71872.0
22198.0	66589.0
22198.0	66590.0
22222.0	46831.0
52856.0	76610.0
54999.0	101395.0
55031.0	55031.0
120595.0	122085.0
55101.0	55792.0
22346.0	73604.0
87919.0	98298.0
87919.0	93318.0
22424.0	73020.0
22448.0	23952.0
22448.0	63611.0
22448.0	59486.0
22448.0	107958.0
22467.0	33484.0
55237.0	58680.0
72763.0	72789.0
55255.0	74394.0
22512.0	71019.0
22524.0	28332.0
55349.0	102922.0
55351.0	69348.0
120914.0	125877.0
22625.0	31607.0
55402.0	55792.0
22639.0	55997.0
22639.0	28367.0
22656.0	24194.0
55448.0	97923.0
22682.0	52033.0
22682.0	55622.0
22689.0	84077.0
22689.0	65712.0
22689.0	60563.0
22689.0	35508.0
22689.0	87255.0
22689.0	63705.0
22689.0	27642.0
22701.0	26230.0
22708.0	26963.0
22708.0	26748.0
22722.0	50987.0
22723.0	47052.0
22723.0	35509.0
22725.0	69059.0
55569.0	120395.0
55622.0	85362.0
22872.0	26748.0
96656.0	98020.0
121206.0	122124.0
22910.0	107282.0
22910.0	26230.0
22910.0	33486.0
22910.0	90575.0
55701.0	59322.0
96667.0	98020.0
121267.0	123018.0
55746.0	65143.0
55748.0	77958.0
121286.0	124638.0
22985.0	71865.0
52985.0	53286.0
88543.0	98298.0
88559.0	90575.0
116126.0	118476.0
23053.0	107282.0
23053.0	44371.0
23053.0	42836.0
23053.0	49738.0
23053.0	56310.0
23068.0	65304.0
23068.0	61634.0
23068.0	25755.0
23068.0	23310.0
88620.0	91712.0
88620.0	90105.0
88620.0	92818.0
88620.0	97603.0
23095.0	25614.0
63924.0	87471.0
23109.0	68479.0
42081.0	46530.0
88668.0	98298.0
23137.0	67145.0
23140.0	67145.0
23173.0	61456.0
23175.0	107280.0
23175.0	33175.0
23175.0	37615.0
23193.0	75616.0
88733.0	96910.0
113093.0	113704.0
88736.0	96910.0
23207.0	28372.0
55997.0	66597.0
55997.0	79855.0
23230.0	27795.0
121552.0	124411.0
23268.0	104288.0
23268.0	100275.0
23268.0	47604.0
23284.0	25954.0
85804.0	108589.0
88848.0	90608.0
88848.0	95443.0
88848.0	96103.0
88848.0	97417.0
88848.0	88848.0
88848.0	96563.0
88848.0	95772.0
23315.0	73020.0
23332.0	68915.0
3890.0	56555.0
74889.0	102922.0
23355.0	30420.0
88904.0	95490.0
88904.0	90330.0
23375.0	38217.0
56159.0	69348.0
88936.0	96910.0
115819.0	116547.0
23415.0	111680.0
23415.0	77202.0
23444.0	31607.0
23468.0	33939.0
56245.0	117970.0
23500.0	61092.0
23512.0	24064.0
121819.0	124638.0
56286.0	92098.0
56286.0	94567.0
56286.0	97256.0
56286.0	111783.0
56286.0	94050.0
56286.0	89489.0
56286.0	97786.0
56286.0	96670.0
56289.0	58182.0
23522.0	71618.0
23529.0	24992.0
56326.0	58080.0
56367.0	60619.0
56369.0	60619.0
36704.0	42770.0
90260.0	103396.0
23673.0	33484.0
23693.0	27238.0
89234.0	93718.0
23717.0	106804.0
23719.0	50031.0
56498.0	65562.0
56515.0	64836.0
56533.0	64679.0
23768.0	85330.0
23768.0	83805.0
23768.0	85127.0
23770.0	66781.0
23778.0	93155.0
102267.0	104288.0
56555.0	60619.0
89324.0	93318.0
23794.0	93155.0
23794.0	40917.0
122104.0	122358.0
67943.0	71923.0
89352.0	93718.0
47662.0	48321.0
47662.0	48947.0
23859.0	26487.0
89404.0	111783.0
42212.0	69268.0
122209.0	122244.0
23928.0	96074.0
56701.0	73793.0
23941.0	71153.0
23941.0	69059.0
23941.0	58259.0
23941.0	67015.0
118685.0	122104.0
118685.0	122244.0
4003.0	99714.0
4003.0	104026.0
122347.0	123803.0
56826.0	108146.0
24064.0	25352.0
24064.0	27635.0
89613.0	93718.0
89619.0	93718.0
89638.0	98020.0
24111.0	24252.0
24111.0	25196.0
24153.0	27119.0
24154.0	72763.0
24154.0	84587.0
89701.0	98639.0
89708.0	95102.0
24194.0	36475.0
24194.0	33110.0
24194.0	93959.0
24194.0	73132.0
24194.0	40013.0
24194.0	48850.0
24194.0	48244.0
24194.0	29910.0
24194.0	76504.0
24194.0	70618.0
24194.0	43771.0
24194.0	29564.0
24194.0	36005.0
56964.0	99161.0
56964.0	102299.0
24199.0	107986.0
24199.0	40676.0
24218.0	38217.0
24231.0	26929.0
42270.0	107280.0
104465.0	104655.0
84178.0	84581.0
24287.0	84520.0
24287.0	89116.0
24287.0	100080.0
24287.0	110933.0
24287.0	107799.0
24287.0	107801.0
24287.0	100156.0
24293.0	110719.0
24293.0	25727.0
57083.0	69061.0
20437.0	26963.0
24321.0	67108.0
24321.0	24972.0
24321.0	63086.0
24321.0	64703.0
113281.0	113704.0
24386.0	40155.0
57155.0	77691.0
57155.0	102853.0
24398.0	36096.0
57192.0	99161.0
57199.0	58335.0
57206.0	63732.0
24486.0	49875.0
4081.0	17361.0
90037.0	104655.0
57300.0	99161.0
57306.0	103396.0
90075.0	90575.0
24542.0	81893.0
57336.0	69061.0
24581.0	48083.0
24583.0	86631.0
24602.0	111096.0
24602.0	48621.0
24646.0	46620.0
24731.0	44021.0
24737.0	93155.0
57547.0	66956.0
57547.0	91269.0
24804.0	77274.0
24804.0	57971.0
24804.0	74972.0
72841.0	80852.0
118838.0	123803.0
24923.0	25129.0
24942.0	49012.0
53205.0	106478.0
24977.0	68749.0
24992.0	26696.0
24992.0	26694.0
24995.0	68479.0
25038.0	33668.0
57809.0	107782.0
75173.0	85362.0
25079.0	81658.0
123411.0	123512.0
25110.0	40254.0
25110.0	29678.0
57880.0	109851.0
75183.0	76610.0
25129.0	69537.0
25129.0	69742.0
25129.0	70214.0
25129.0	82887.0
31495.0	90434.0
31495.0	31495.0
25147.0	81658.0
25150.0	81658.0
25156.0	96910.0
25192.0	46831.0
25197.0	56789.0
25236.0	81658.0
25262.0	106478.0
84859.0	102853.0
25295.0	85362.0
25295.0	93155.0
25295.0	110564.0
25295.0	39898.0
25297.0	44386.0
58069.0	122827.0
25315.0	108908.0
25342.0	62213.0
25352.0	111107.0
58152.0	72863.0
90931.0	117970.0
58182.0	59795.0
25441.0	26114.0
25454.0	66714.0
58228.0	74408.0
25515.0	71169.0
25515.0	25515.0
25515.0	48846.0
25515.0	66128.0
25515.0	47825.0
25515.0	67035.0
25515.0	71166.0
25557.0	39052.0
25557.0	30420.0
25557.0	43236.0
91101.0	104926.0
25581.0	68479.0
25614.0	76992.0
25614.0	53455.0
25631.0	70689.0
58420.0	98057.0
25655.0	117321.0
25655.0	118859.0
25666.0	70689.0
58446.0	63274.0
25685.0	114432.0
25710.0	81624.0
25710.0	86595.0
25727.0	25727.0
58497.0	116680.0
58497.0	105295.0
42519.0	49312.0
58535.0	63274.0
58535.0	80260.0
25786.0	27642.0
91339.0	106478.0
25826.0	61806.0
25826.0	61530.0
25826.0	25826.0
25826.0	63174.0
25833.0	42312.0
91691.0	95102.0
75308.0	107893.0
25887.0	68479.0
25890.0	26962.0
117613.0	118316.0
25925.0	64085.0
91478.0	103494.0
58716.0	67108.0
119013.0	121285.0
25954.0	87014.0
92519.0	98020.0
25969.0	81839.0
42559.0	42559.0
91579.0	96910.0
26114.0	78183.0
26114.0	28200.0
26114.0	111307.0
26114.0	111309.0
26114.0	67438.0
26114.0	107591.0
26114.0	111132.0
26154.0	82887.0
58923.0	98057.0
36129.0	42202.0
68915.0	68915.0
68915.0	73483.0
68915.0	72076.0
68915.0	72078.0
58991.0	76789.0
26230.0	28873.0
26231.0	82257.0
26231.0	82995.0
26231.0	87428.0
26244.0	117206.0
91797.0	104926.0
59030.0	72863.0
26275.0	67145.0
26296.0	31064.0
80852.0	86913.0
26398.0	92873.0
4400.0	4419.0
4400.0	13220.0
4400.0	73964.0
4400.0	53618.0
4400.0	76605.0
4400.0	74288.0
4400.0	74034.0
4400.0	72122.0
4400.0	51005.0
91951.0	98998.0
59185.0	76610.0
113630.0	115371.0
26459.0	58819.0
26459.0	91302.0
26459.0	99656.0
26459.0	54539.0
26459.0	103474.0
26459.0	61315.0
26459.0	105817.0
26459.0	99932.0
26465.0	73020.0
26467.0	86370.0
26487.0	64426.0
26506.0	43737.0
26506.0	114627.0
26506.0	115116.0
26506.0	115687.0
26563.0	33175.0
26601.0	42160.0
26601.0	64139.0
26601.0	41860.0
26601.0	44021.0
26622.0	27961.0
92177.0	105295.0
26665.0	71872.0
48136.0	106090.0
26682.0	112162.0
26682.0	113575.0
59452.0	79855.0
26685.0	33484.0
42677.0	45154.0
59457.0	99161.0
59486.0	116586.0
59492.0	76789.0
59501.0	103743.0
26742.0	73020.0
26748.0	65888.0
26748.0	72087.0
26748.0	70231.0
26748.0	67572.0
26748.0	68695.0
26748.0	66548.0
26748.0	69343.0
106732.0	109071.0
26810.0	63705.0
26816.0	70689.0
26820.0	98671.0
26888.0	108589.0
26916.0	28193.0
26916.0	26916.0
59688.0	99161.0
26929.0	72952.0
26929.0	55825.0
92482.0	107969.0
26952.0	102173.0
26952.0	89118.0
26962.0	107571.0
26963.0	87633.0
26963.0	87970.0
26963.0	28530.0
26963.0	65209.0
26969.0	44386.0
26997.0	72315.0
59804.0	65562.0
42739.0	44939.0
42739.0	108837.0
42739.0	104189.0
92615.0	100844.0
92615.0	96910.0
92618.0	105295.0
92639.0	105295.0
27119.0	73530.0
27119.0	67805.0
27119.0	66191.0
59888.0	76051.0
92680.0	106478.0
27159.0	68296.0
27159.0	72002.0
27159.0	67589.0
27159.0	28367.0
27163.0	28385.0
27196.0	27795.0
59979.0	79855.0
92759.0	98298.0
60001.0	94027.0
60001.0	93012.0
27234.0	49032.0
27234.0	48651.0
27234.0	110564.0
27234.0	48774.0
27238.0	79560.0
27238.0	69609.0
27238.0	82637.0
27238.0	74546.0
27238.0	79580.0
27238.0	83613.0
27238.0	86527.0
42769.0	84264.0
42769.0	48774.0
42769.0	103743.0
27243.0	82887.0
60050.0	103743.0
81007.0	84581.0
27316.0	45534.0
119242.0	122244.0
27327.0	38509.0
92873.0	115011.0
66071.0	69857.0
27392.0	110783.0
27425.0	99714.0
92963.0	96910.0
81030.0	101623.0
27451.0	30420.0
60269.0	87255.0
60273.0	87255.0
27508.0	83048.0
27515.0	50068.0
27518.0	38217.0
27526.0	68479.0
27526.0	45442.0
27526.0	41971.0
27526.0	46733.0
27526.0	99485.0
60305.0	65183.0
93077.0	108239.0
27546.0	28212.0
27546.0	52292.0
60330.0	120101.0
93118.0	106910.0
60356.0	60728.0
93148.0	102299.0
60401.0	81639.0
27635.0	62538.0
27635.0	51869.0
27642.0	70561.0
27642.0	66082.0
102912.0	111783.0
27656.0	56312.0
60453.0	81639.0
86536.0	101623.0
27698.0	45491.0
93243.0	101931.0
27712.0	67145.0
27712.0	64757.0
27717.0	42312.0
27717.0	43005.0
60504.0	66820.0
60506.0	61367.0
86551.0	98671.0
60562.0	71872.0
27795.0	67011.0
27822.0	28897.0
27822.0	67434.0
27822.0	70407.0
27838.0	106478.0
27883.0	88577.0
27903.0	71019.0
27903.0	73904.0
27903.0	67250.0
27903.0	72756.0
27903.0	66718.0
27903.0	69879.0
27903.0	66108.0
27903.0	73758.0
27903.0	73759.0
27916.0	118373.0
27951.0	37756.0
60728.0	62978.0
27961.0	53683.0
27961.0	57358.0
28014.0	93155.0
28014.0	37756.0
28028.0	66116.0
28028.0	66570.0
28028.0	64875.0
28028.0	73324.0
28028.0	72366.0
28028.0	72367.0
28028.0	70675.0
28028.0	72829.0
21060.0	78431.0
60856.0	65183.0
60928.0	110712.0
93702.0	105295.0
28170.0	96910.0
93718.0	97733.0
93718.0	96267.0
93718.0	94896.0
93718.0	94329.0
93718.0	96314.0
93718.0	94365.0
28200.0	56826.0
28200.0	110115.0
28200.0	93935.0
60971.0	72100.0
28212.0	98057.0
28214.0	69241.0
28218.0	63274.0
28249.0	115048.0
28249.0	114899.0
28249.0	53526.0
119405.0	122512.0
28332.0	55825.0
28332.0	79635.0
28332.0	83310.0
28332.0	87758.0
28332.0	84351.0
93876.0	104508.0
44589.0	71756.0
28367.0	60928.0
28367.0	63332.0
28367.0	63333.0
28372.0	67713.0
28372.0	71491.0
28372.0	72261.0
28372.0	70921.0
28372.0	62712.0
28372.0	64092.0
28385.0	73983.0
64811.0	106478.0
28457.0	93155.0
28457.0	92111.0
28480.0	53034.0
28480.0	93431.0
28480.0	52477.0
28480.0	93543.0
70285.0	112523.0
70285.0	123006.0
70285.0	123511.0
94033.0	96910.0
28499.0	47945.0
28499.0	43269.0
28499.0	49014.0
28515.0	69609.0
28515.0	68589.0
28515.0	66605.0
28515.0	66606.0
28515.0	69199.0
28515.0	47121.0
28515.0	68722.0
28515.0	68885.0
28515.0	70070.0
81214.0	88848.0
94071.0	106478.0
33684.0	41660.0
61330.0	84581.0
61330.0	87471.0
28564.0	38217.0
94129.0	98020.0
61367.0	62561.0
61367.0	61367.0
57691.0	74414.0
61375.0	72100.0
43005.0	111096.0
43005.0	43005.0
28687.0	101890.0
28687.0	48947.0
28687.0	37756.0
37555.0	39952.0
108555.0	111451.0
94283.0	113186.0
61528.0	69459.0
61550.0	83048.0
61551.0	83048.0
61553.0	83048.0
94334.0	106910.0
61580.0	110354.0
61580.0	106314.0
28825.0	53712.0
28825.0	61584.0
28825.0	54803.0
28825.0	54804.0
28825.0	51837.0
94370.0	104508.0
119494.0	119702.0
70343.0	70343.0
70343.0	70415.0
70343.0	73491.0
70343.0	72568.0
70343.0	72571.0
70343.0	72572.0
28844.0	73420.0
28844.0	68236.0
28844.0	68412.0
28844.0	66446.0
28844.0	68495.0
94390.0	104508.0
61640.0	78677.0
28873.0	46275.0
28873.0	33668.0
28873.0	38277.0
28873.0	42312.0
28873.0	104267.0
28873.0	35026.0
28874.0	39952.0
28874.0	47473.0
28874.0	31116.0
28874.0	37335.0
28888.0	81658.0
28911.0	68479.0
28928.0	39952.0
28928.0	36880.0
28928.0	32267.0
28928.0	29785.0
28928.0	33827.0
61706.0	71872.0
37591.0	58352.0
37591.0	53924.0
37591.0	54901.0
37591.0	37591.0
28940.0	89998.0
53977.0	54102.0
28953.0	43236.0
94496.0	104026.0
28964.0	47473.0
28964.0	41724.0
28964.0	43005.0
84982.0	98020.0
28991.0	90575.0
28992.0	29785.0
28997.0	32267.0
29000.0	40155.0
59450.0	79855.0
29037.0	33939.0
29049.0	32250.0
29049.0	47155.0
61843.0	63144.0
29086.0	32250.0
29093.0	30435.0
29093.0	90575.0
29107.0	33760.0
29107.0	37284.0
29107.0	30797.0
29107.0	30942.0
29107.0	31485.0
29109.0	33668.0
43085.0	50784.0
43085.0	101931.0
29147.0	32064.0
86780.0	91089.0
29166.0	43236.0
29166.0	29311.0
29171.0	29728.0
29171.0	30420.0
29171.0	29171.0
29171.0	43236.0
29180.0	93718.0
94726.0	104026.0
59480.0	69348.0
29224.0	32154.0
29225.0	32154.0
61994.0	70160.0
29230.0	84264.0
61999.0	64679.0
62018.0	81639.0
29309.0	47273.0
29309.0	110581.0
29311.0	32838.0
29311.0	29385.0
29311.0	30412.0
29311.0	30447.0
29311.0	29937.0
29311.0	29843.0
29311.0	30511.0
62087.0	71019.0
62087.0	72756.0
29328.0	38277.0
29328.0	36286.0
29341.0	37284.0
29348.0	48951.0
29371.0	34309.0
62146.0	72756.0
29400.0	33827.0
29400.0	32267.0
29400.0	47473.0
29400.0	32250.0
29400.0	41724.0
29400.0	40254.0
29411.0	36155.0
94961.0	102922.0
29428.0	37201.0
119783.0	123018.0
94995.0	96910.0
94995.0	99735.0
29468.0	36286.0
29469.0	32250.0
29502.0	31607.0
62303.0	64407.0
95078.0	105295.0
29554.0	29813.0
29554.0	86581.0
29554.0	79014.0
29554.0	80183.0
95102.0	95372.0
29583.0	47092.0
29583.0	95102.0
29588.0	38524.0
95125.0	106910.0
95148.0	104926.0
29617.0	33668.0
62409.0	112736.0
62409.0	111986.0
29644.0	34187.0
62424.0	69459.0
29678.0	33918.0
29725.0	43006.0
95291.0	121285.0
29771.0	41724.0
29771.0	43005.0
95319.0	106910.0
29785.0	39898.0
29785.0	32267.0
29785.0	32565.0
29785.0	32707.0
29831.0	32250.0
29839.0	33010.0
29839.0	29839.0
29840.0	37756.0
29840.0	46831.0
29847.0	32154.0
29859.0	33827.0
29860.0	33827.0
29865.0	33827.0
29872.0	35866.0
29882.0	32267.0
29890.0	32250.0
29890.0	40254.0
29895.0	37201.0
117750.0	117970.0
4988.0	16112.0
4988.0	7828.0
29937.0	43236.0
29963.0	42836.0
29963.0	106543.0
29968.0	40155.0
29977.0	38402.0
97839.0	98020.0
30038.0	92381.0
59623.0	66597.0
62840.0	66820.0
95632.0	105295.0
30125.0	34187.0
62932.0	115685.0
5029.0	5816.0
95733.0	104926.0
30229.0	40155.0
63006.0	108908.0
91201.0	93718.0
63042.0	108908.0
95823.0	106478.0
70584.0	81893.0
63067.0	66435.0
63097.0	63737.0
63097.0	64925.0
30412.0	107280.0
30420.0	43968.0
30420.0	43236.0
30420.0	38980.0
30420.0	31157.0
30420.0	98639.0
108837.0	109381.0
30435.0	81890.0
30435.0	79495.0
30435.0	90575.0
30435.0	32342.0
30435.0	85527.0
30435.0	79515.0
30435.0	81918.0
30447.0	107280.0
30449.0	35360.0
30481.0	35866.0
30481.0	45531.0
30481.0	90575.0
30497.0	45345.0
30497.0	101890.0
30497.0	46275.0
30497.0	33668.0
30497.0	45328.0
30497.0	42384.0
30497.0	48083.0
30497.0	42739.0
30497.0	43163.0
81542.0	91089.0
96050.0	104026.0
63284.0	70564.0
30530.0	46831.0
30539.0	38534.0
30539.0	31607.0
30550.0	37756.0
30550.0	46831.0
30561.0	33175.0
30561.0	37615.0
63330.0	67943.0
96112.0	119548.0
96112.0	105295.0
96120.0	96910.0
63359.0	74618.0
63359.0	78622.0
63374.0	74776.0
63374.0	74775.0
63416.0	67373.0
96205.0	106910.0
30681.0	43484.0
30684.0	36155.0
30684.0	46997.0
30684.0	106478.0
30704.0	47052.0
30716.0	38402.0
30740.0	32250.0
30748.0	37903.0
30750.0	32771.0
30751.0	33668.0
54279.0	66956.0
54279.0	91269.0
30778.0	37756.0
30782.0	33668.0
30782.0	36286.0
87053.0	95628.0
30888.0	55665.0
30898.0	43233.0
30930.0	32267.0
30942.0	43236.0
30942.0	37284.0
30942.0	37615.0
30943.0	81022.0
30965.0	41660.0
30987.0	38402.0
114393.0	117260.0
31001.0	49029.0
31013.0	111096.0
31013.0	39650.0
31013.0	36155.0
31013.0	43005.0
63812.0	65183.0
96595.0	105295.0
31064.0	82785.0
31064.0	82754.0
31064.0	82377.0
31064.0	83854.0
31064.0	81493.0
31064.0	86486.0
31064.0	87671.0
31064.0	34264.0
31064.0	87676.0
31064.0	84255.0
96609.0	102299.0
31077.0	38509.0
31101.0	41724.0
31116.0	33827.0
31116.0	110581.0
31156.0	31607.0
31168.0	40155.0
31184.0	42384.0
31184.0	40357.0
96730.0	98298.0
31203.0	32771.0
31215.0	107723.0
31225.0	36031.0
31236.0	85362.0
64005.0	72756.0
31251.0	47273.0
31251.0	43662.0
31258.0	38461.0
31279.0	37284.0
31290.0	40153.0
96832.0	104026.0
121105.0	122167.0
119913.0	121514.0
119913.0	120979.0
119913.0	122124.0
96910.0	97514.0
5232.0	23076.0
65422.0	84718.0
31407.0	81022.0
31412.0	47092.0
31415.0	32154.0
31417.0	40254.0
31417.0	48654.0
64188.0	66417.0
31422.0	36031.0
31426.0	32064.0
31445.0	42559.0
31462.0	32332.0
64232.0	64679.0
64233.0	64679.0
31469.0	35866.0
31469.0	37756.0
31469.0	38509.0
5249.0	58182.0
5249.0	9484.0
5249.0	11725.0
5249.0	17039.0
5249.0	47825.0
5249.0	58680.0
5249.0	63097.0
31514.0	39052.0
31514.0	37615.0
5254.0	20695.0
64296.0	66820.0
31565.0	33939.0
31595.0	36031.0
97132.0	97189.0
31607.0	32629.0
31607.0	38534.0
31608.0	96328.0
64414.0	108908.0
64431.0	72777.0
31685.0	40796.0
31690.0	32154.0
31704.0	48654.0
31706.0	95102.0
64478.0	64944.0
83982.0	109071.0
64522.0	71019.0
64522.0	72756.0
31755.0	40254.0
97295.0	102922.0
76297.0	113952.0
76297.0	76334.0
31810.0	36031.0
31859.0	37615.0
69802.0	86015.0
64679.0	64973.0
31921.0	32250.0
31922.0	32332.0
97477.0	105295.0
31943.0	38509.0
31950.0	93718.0
31952.0	92381.0
31968.0	45724.0
116090.0	122445.0
97518.0	98020.0
32043.0	32250.0
32046.0	33939.0
32064.0	33756.0
32064.0	33660.0
32064.0	32823.0
64836.0	68980.0
64836.0	66253.0
32085.0	37201.0
32101.0	58795.0
32101.0	87471.0
32105.0	54028.0
64879.0	107782.0
64879.0	89215.0
97655.0	104026.0
32122.0	40254.0
32131.0	80576.0
32131.0	33114.0
32131.0	33939.0
32131.0	32831.0
32134.0	43236.0
97673.0	104508.0
32153.0	35360.0
32154.0	33613.0
32154.0	33174.0
64930.0	112671.0
64998.0	68195.0
38140.0	47408.0
32236.0	43968.0
32236.0	111687.0
32236.0	84077.0
32236.0	42384.0
32236.0	35509.0
32236.0	72315.0
97777.0	108239.0
32244.0	38461.0
32250.0	32864.0
32250.0	33729.0
32250.0	33015.0
32250.0	32250.0
32250.0	41724.0
32250.0	40254.0
32257.0	98114.0
32257.0	77411.0
32267.0	36096.0
32267.0	33857.0
32267.0	33737.0
32267.0	40064.0
32267.0	39952.0
32267.0	110581.0
32267.0	32342.0
32267.0	37533.0
32273.0	34309.0
65050.0	67373.0
65051.0	67373.0
65064.0	115407.0
32306.0	36031.0
65075.0	71019.0
65077.0	66820.0
32332.0	33776.0
32332.0	33436.0
60007.0	103743.0
32407.0	33827.0
32428.0	95102.0
5406.0	16112.0
65279.0	72777.0
65310.0	72129.0
32574.0	108862.0
32579.0	33827.0
32579.0	104267.0
32592.0	38461.0
32620.0	36609.0
98226.0	109851.0
98229.0	109851.0
32708.0	40992.0
32720.0	36031.0
98264.0	99986.0
32731.0	47473.0
